   From  :    To
         :   2601000   2600000   2500000   2400000   2300000   2100000   2000000   1900000   1800000   1700000   1600000   1500000   1300000   1200000   1100000   1000000 
  2601000:         0         0        38        22        59        86        24        33        40        34        38        73        63        30        32       510 
  2600000:         0         0         0         0         0         0         0         0         0         0         0         0         0         0         0      1254 
  2500000:        93         0         0         9         8         7         9         5         5         6         2         9         5         1         5        48 
  2400000:        57         0         9         0         4         6         0         2         2         5         3         8         3         6         4        38 
  2300000:        61         0         1         5         0         1         4         2         8         4         4         5         7         6        10        81 
  2100000:        63         0         7         4         4         0         5         6         8         2         3        12         9         4         7        68 
  2000000:        28         0         3         2         3         5         0         1         1         0         0         1         1         0         3        43 
  1900000:        18         0         1         1         4         2         0         0         3         1         0         5         2         1         3        41 
  1800000:        28         0         1         2         3         1         2         2         0         3         1         4         2         4        10        63 
  1700000:        19         0         1         1         7         0         0         0         1         0         2         6         5         5         2        52 
  1600000:        12         0         2         1         3         2         1         0         2         0         0         3         6         4         7        57 
  1500000:        17         0         4         5         7         4         3         2         4         2         3         0         7         5         9       129 
  1300000:        17         0         3         2         3         6         2         3         6         4         6         6         0         4         6       117 
  1200000:        24         0         2         4         2         7         0         0         3         2         3        11         6         0         5        84 
  1100000:        70         0         9         5         4         5         6         4         3         3         1         8        10         3         0       184 
  1000000:       574      1254       131        84        88        70        35        22        40        35        34        50        59        80       212         0 
