   From  :    To
         :   2601000   2600000   2500000   2400000   2300000   2100000   2000000   1900000   1800000   1700000   1600000   1500000   1300000   1200000   1100000   1000000 
  2601000:         0         0     15495      5097      9188     18406     12172      3008      3809      3682      4055      6878      5819      3506      4193    123656 
  2600000:         0         0         0         0         0         0         2         0         0         0         0         1         0         0         0      2273 
  2500000:     20389         0         0       554       141       116        55        53        61        81        66       106       105        68       106       443 
  2400000:      8204         0       467         0        97        86        54        58        52        59        64        85        71        71        77       529 
  2300000:      9245         6       717       345         0       139        68        78       136       144       103       160       148       135       271      3395 
  2100000:     17081         0      1122       147       149         0       107       129       135        96        92       164       182       121       268      3862 
  2000000:     26817         0       103        56        92        95         0        75        63        42        52        84        89        61       172     97265 
  1900000:      2356         0        87        68        92       118        61         0        58        46        62       112       109        68       177      2473 
  1800000:      2606         0       104        79       147       149        55        69         0        69        65       135       116        89       229      3223 
  1700000:      2367         0        83        62       134       104        56        47        67         0        70       112       115        93       231      3118 
  1600000:      2383         0       100        92       125        74        48        39        66        69         0       121       153       112       228      3529 
  1500000:      4322         0       168       123       172       148        84        83       117        97       115         0       290       203       404      6226 
  1300000:      4523         0       141        67       150       159        92        90       128       126       134       247         0       204       431      5914 
  1200000:      3893         0       131        87       105       116        63        81        96        93       102       191       213         0       349      4650 
  1100000:      6741         0       272       180       254       234       136       127       149       166       172       294       326       296         0     11992 
  1000000:    108036      2270      3354      3017      4244      3711    112013      1950      2198      1889      1987      3862      4670      5143     14203         0 
