   From  :    To
         :   2601000   2600000   2500000   2400000   2300000   2100000   2000000   1900000   1800000   1700000   1600000   1500000   1300000   1200000   1100000   1000000 
  2601000:         0         0     15819      5218      9433     19015     12238      3067      3874      3748      4113      7010      5940      3580      4261    124189 
  2600000:         0         0         0         0         0         0         2         0         0         0         0         1         0         0         0      2273 
  2500000:     20840         0         0       567       143       116        55        54        64        82        67       106       105        68       107       448 
  2400000:      8401         0       482         0        97        88        54        58        52        59        64        85        71        72        79       533 
  2300000:      9489         6       736       352         0       141        68        80       136       144       103       162       149       135       273      3469 
  2100000:     17663         0      1153       148       153         0       108       132       138        96        92       165       184       122       269      3912 
  2000000:     26856         0       103        58        93        95         0        76        63        42        52        84        89        61       174     97314 
  1900000:      2387         0        87        69        96       120        61         0        58        46        63       112       110        68       180      2520 
  1800000:      2638         0       104        79       147       149        55        69         0        69        65       135       116        90       230      3286 
  1700000:      2388         0        83        64       135       104        56        47        67         0        70       112       115        93       233      3173 
  1600000:      2399         0       102        92       125        74        48        39        66        69         0       121       153       112       233      3577 
  1500000:      4367         0       169       123       172       149        84        83       117        97       115         0       291       203       409      6340 
  1300000:      4559         0       141        67       151       160        92        90       128       126       135       247         0       204       435      6028 
  1200000:      3923         0       131        87       105       117        63        81        96        93       102       191       214         0       354      4719 
  1100000:      6862         0       275       182       256       235       136       128       149       166       174       294       327       296         0     12152 
  1000000:    108732      2270      3437      3089      4337      3772    112040      1973      2224      1903      1995      3894      4699      5172     14395         0 
