   From  :    To
         :   2601000   2600000   2500000   2400000   2300000   2100000   2000000   1900000   1800000   1700000   1600000   1500000   1300000   1200000   1100000   1000000 
  2601000:         0         0      6451      4254      7932      6808      5084      4673      5740      5272      5240      8496      6757      3648      4239     18791 
  2600000:         0         0       201       169       323       264       146       172       200       173       191       322       266       155       202       902 
  2500000:      9513       343         0       993      1418      1339       985      1011      1212      1081      1090      1663      1267       646       668       656 
  2400000:      7090       290      1044         0      1798      1754      1124      1244      1544      1385      1310      2102      1555       952       845       845 
  2300000:      8960       344      1678      2274         0      2948      2026      2169      2766      2498      2447      3886      2986      1905      2002      3281 
  2100000:      6538       256      1231      1609      2762         0      1952      2051      2509      2266      2413      3789      3166      2083      2279      3785 
  2000000:      6554       139       900       975      1898      1844         0      1425      1804      1624      1651      2658      2266      1522      1766     48731 
  1900000:      4175       148       873      1138      1951      1946      1361         0      1769      1665      1648      2754      2492      1697      1964      3240 
  1800000:      4829       148      1144      1374      2495      2303      1571      1681         0      1995      1915      3301      3020      2233      2615      4361 
  1700000:      4279       139      1011      1207      2138      2009      1411      1517      1802         0      1672      2875      2697      1937      2482      4346 
  1600000:      4040       129       995      1218      2043      1933      1373      1458      1844      1585         0      2822      2721      1998      2620      4752 
  1500000:      6720       243      1568      1948      3399      3235      2356      2459      3021      2620      2657         0      4428      3394      4494      8749 
  1300000:      5825       300      1475      1686      2992      2815      2036      2178      2694      2386      2413      4094         0      3200      4388      8646 
  1200000:      4283       242       982      1197      2125      2098      1515      1539      1923      1601      1678      3068      2870         0      3308      9677 
  1100000:      7073       389      1325      1492      2919      2646      1954      1993      2383      2036      2039      3429      3557      3027         0     16111 
  1000000:     13505       576      3007      3348      5977      4747     50863      3251      3774      3335      3167      6032      7080      9709     18501         0 
