   From  :    To
         :   2601000   2600000   2500000   2400000   2300000   2100000   2000000   1900000   1800000   1700000   1600000   1500000   1300000   1200000   1100000   1000000 
  2601000:         0         0      6510      4282      7999      6882      5123      4728      5806      5352      5316      8626      6849      3699      4302     19315 
  2600000:         0         0       201       169       323       264       146       172       200       173       191       322       266       155       202       902 
  2500000:      9656       343         0      1004      1421      1343       987      1013      1213      1082      1090      1668      1269       648       669       665 
  2400000:      7210       290      1046         0      1800      1755      1124      1244      1544      1386      1310      2104      1556       953       846       855 
  2300000:      9099       344      1680      2279         0      2950      2028      2171      2767      2502      2449      3887      2987      1908      2007      3336 
  2100000:      6623       256      1235      1613      2766         0      1953      2053      2511      2267      2413      3791      3167      2084      2284      3852 
  2000000:      6602       139       903       975      1898      1846         0      1428      1805      1626      1651      2660      2267      1522      1767     48767 
  1900000:      4225       148       877      1140      1956      1947      1361         0      1769      1665      1649      2756      2493      1698      1966      3290 
  1800000:      4866       148      1146      1377      2498      2304      1571      1681         0      1996      1915      3302      3021      2234      2618      4423 
  1700000:      4313       139      1014      1208      2143      2010      1412      1518      1802         0      1673      2876      2697      1938      2484      4424 
  1600000:      4065       129       998      1221      2044      1934      1373      1459      1844      1585         0      2822      2721      2000      2623      4826 
  1500000:      6771       243      1571      1955      3401      3237      2358      2461      3025      2620      2659         0      4430      3396      4500      8872 
  1300000:      5876       300      1481      1692      2993      2818      2037      2181      2694      2387      2413      4094         0      3202      4397      8739 
  1200000:      4334       242       986      1202      2127      2103      1515      1541      1924      1601      1678      3068      2871         0      3314      9765 
  1100000:      7254       389      1331      1500      2936      2650      1957      1995      2386      2039      2040      3433      3559      3030         0     16334 
  1000000:     13894       576      3092      3406      6089      4825     50911      3295      3810      3370      3197      6090      7151      9804     18854         0 
