   From  :    To
         :   2601000   2600000   2500000   2400000   2300000   2100000   2000000   1900000   1800000   1700000   1600000   1500000   1300000   1200000   1100000   1000000 
  2601000:         0         0         1         0         0         0         0         0         0         0         0         0         0         0         0         1 
  2600000:         0         0      1861      1132      2461      2107      1745      1291      1306      1336      1314      2149      2301      1158      1276     19791 
  2500000:         0      3100         0       107       122        85        56        56        70        43        61        92        79        52        74       232 
  2400000:         0      2335       100         0        93        68        57        53        53        43        59        89        68        53        70       219 
  2300000:         0      3693       162       111         0       140       233        94        90       154       104       159       291       100       183      2047 
  2100000:         0      2189       172       115       120         0       115       106       116        97       111       190       175       120       156      1234 
  2000000:         0      1962       109        70      1165       103         0        93        97       207        83       132       254        85       133      1746 
  1900000:         0      1027        84        59        95       104        74         0       112        99        80       151       123        99       159       934 
  1800000:         0      1033        85        66        98       111        93       109         0       125        99       201       163       118       162      1147 
  1700000:         0      1139        70        69       280       101      1609        85        97         0        92       192       580       125       191      3457 
  1600000:         0       851        66        73       110       112        86        94       107        92         0       201       210       134       201      1280 
  1500000:         0      1406       137        91       186       185       138       138       193       193       206         0       471       289       392      2473 
  1300000:         0      1637       132       118       325       167       336       132       176      3008       186       470         0       376       481      5624 
  1200000:         0      1214        88        87       126       119        89        99       120       116       156       317       360         0       501      2558 
  1100000:         0      2040       154       161       236       175       151       115       172       181       194       338       471       462         0      6770 
  1000000:         1     17602      1008      1101      2144      1439      1457       735       901      2393       872      1817      7622      2779      7641         0 
