   From  :    To
         :   2601000   2600000   2500000   2400000   2300000   2100000   2000000   1900000   1800000   1700000   1600000   1500000   1300000   1200000   1100000   1000000 
  2601000:         0         0      9342      5214      9878      8099      5898      5599      6836      6355      6382     10539      8429      4655      5429     26268 
  2600000:         0         0       201       169       323       264       146       172       200       173       191       322       266       155       202       902 
  2500000:     13614       343         0      1085      1455      1376      1007      1028      1236      1096      1108      1716      1307       672       695       785 
  2400000:      9300       290      1084         0      1833      1780      1137      1259      1565      1401      1329      2132      1576       973       872      1001 
  2300000:     11618       344      1778      2355         0      2990      2064      2204      2807      2532      2482      3931      3037      1945      2096      4162 
  2100000:      7990       256      1314      1670      2816         0      1976      2082      2534      2293      2435      3826      3210      2108      2362      4696 
  2000000:      7387       139       947      1012      1936      1865         0      1453      1818      1648      1673      2689      2306      1539      1825     49353 
  1900000:      4955       148       931      1171      1991      1969      1374         0      1786      1676      1660      2783      2528      1716      2028      3964 
  1800000:      5589       148      1212      1423      2540      2341      1590      1699         0      2012      1941      3345      3062      2273      2697      5282 
  1700000:      4962       139      1073      1233      2177      2041      1431      1525      1824         0      1683      2921      2728      1979      2573      5229 
  1600000:      4652       129      1060      1264      2084      1966      1399      1471      1864      1602         0      2867      2798      2234      2819      5848 
  1500000:      7913       243      1659      2026      3473      3297      2398      2486      3064      2659      2708         0      4660      4184      4999     11015 
  1300000:      7035       300      1579      1765      3067      2865      2073      2222      2737      2427      2458      4582         0      8915      6594     15138 
  1200000:      5468       242      1061      1256      2201      2152      1541      1564      1976      1644      1861      3782      7834         0      6655     16376 
  1100000:      9498       389      1441      1645      3125      2767      2046      2065      2465      2111      2259      3873      6564      6454         0     22177 
  1000000:     18941       576      3841      4244      7446      5796     51510      3851      4442      3889      3887      7476     13452     15811     27033         0 
