   From  :    To
         :   2601000   2600000   2500000   2400000   2300000   2100000   2000000   1900000   1800000   1700000   1600000   1500000   1300000   1200000   1100000   1000000 
  2601000:         0         0      9588      5310     10105      8279      6001      5713      6975      6501      6518     10838      8686      4815      5651     27369 
  2600000:         0         0       201       169       323       264       146       172       200       173       191       322       266       155       202       902 
  2500000:     13965       343         0      1090      1457      1379      1008      1030      1240      1098      1110      1724      1315       677       700       803 
  2400000:      9557       290      1087         0      1839      1785      1141      1260      1566      1405      1331      2137      1579       975       877      1024 
  2300000:     11905       344      1786      2363         0      2992      2065      2208      2816      2539      2483      3943      3048      1950      2109      4283 
  2100000:      8179       256      1320      1676      2819         0      1980      2086      2539      2298      2439      3835      3216      2112      2376      4819 
  2000000:      7519       139       951      1016      1940      1869         0      1455      1823      1651      1679      2693      2311      1544      1835     49414 
  1900000:      5059       148       935      1175      1993      1972      1375         0      1790      1680      1661      2787      2533      1719      2039      4044 
  1800000:      5696       148      1219      1434      2544      2342      1594      1700         0      2018      1944      3350      3072      2277      2707      5397 
  1700000:      5087       139      1077      1242      2180      2046      1434      1529      1825         0      1686      2928      2732      1982      2582      5351 
  1600000:      4758       129      1071      1271      2092      1967      1400      1472      1865      1605         0      2873      2805      2236      2832      5957 
  1500000:      8147       243      1665      2036      3491      3305      2404      2491      3066      2662      2713         0      4677      4192      5022     11289 
  1300000:      7284       300      1592      1784      3075      2875      2079      2227      2745      2435      2463      4595         0      8929      6626     15429 
  1200000:      5695       242      1068      1264      2210      2158      1543      1570      1982      1651      1867      3797      7850         0      6685     16621 
  1100000:      9920       389      1461      1672      3147      2785      2061      2075      2483      2122      2278      3899      6591      6477         0     22875 
  1000000:     19577       576      3918      4351      7619      5932     51608      3922      4527      3982      3970      7682     13757     16163     27992         0 
