   From  :    To
         :   2601000   2600000   2500000   2400000   2300000   2100000   2000000   1900000   1800000   1700000   1600000   1500000   1300000   1200000   1100000   1000000 
  2601000:         0         0      5579      3728      6942      5901      4539      4045      5001      4499      4387      6821      5446      3008      3355     12264 
  2600000:         0         0       201       169       323       264       146       172       200       173       191       322       266       155       202       902 
  2500000:      7686       343         0       887      1373      1308       963       983      1188      1064      1060      1598      1221       632       630       509 
  2400000:      5625       290       990         0      1766      1729      1101      1230      1528      1355      1292      2057      1516       929       819       673 
  2300000:      7146       344      1603      2223         0      2904      1997      2143      2733      2443      2410      3812      2945      1870      1913      2546 
  2100000:      5456       256      1174      1559      2715         0      1927      2009      2475      2249      2387      3734      3118      2063      2197      3039 
  2000000:      5949       139       864       956      1867      1825         0      1403      1791      1610      1632      2625      2241      1493      1714     48244 
  1900000:      3549       148       841      1112      1907      1910      1348         0      1759      1649      1633      2720      2471      1669      1928      2644 
  1800000:      4251       148      1096      1331      2449      2279      1550      1661         0      1979      1895      3268      2991      2199      2545      3642 
  1700000:      3781       139       967      1156      2092      1981      1397      1504      1780         0      1661      2856      2649      1905      2419      3604 
  1600000:      3603       129       945      1168      2011      1905      1361      1447      1828      1570         0      2777      2676      1978      2547      3860 
  1500000:      5830       243      1487      1886      3320      3183      2330      2415      2984      2586      2626         0      4357      3331      4328      7031 
  1300000:      4915       300      1393      1625      2923      2766      2006      2153      2656      2350      2370      4032         0      3144      4234      7055 
  1200000:      3446       242       927      1144      2041      2058      1484      1502      1888      1568      1634      2992      2791         0      3179      8447 
  1100000:      5302       389      1199      1399      2718      2529      1894      1915      2308      1974      1966      3302      3429      2917         0     12576 
  1000000:      8975       576      2179      2557      4585      3816     50310      2706      3165      2822      2661      5021      5805      8050     13807         0 
