   From  :    To
         :   2601000   2600000   2500000   2400000   2300000   2100000   2000000   1900000   1800000   1700000   1600000   1500000   1300000   1200000   1100000   1000000 
  2601000:         0         0      5636      3765      7018      5984      4575      4098      5065      4564      4460      6966      5543      3068      3423     12800 
  2600000:         0         0       201       169       323       264       146       172       200       173       191       322       266       155       202       902 
  2500000:      7825       343         0       893      1375      1311       966       983      1192      1065      1062      1605      1222       632       632       517 
  2400000:      5751       290       993         0      1769      1729      1104      1230      1528      1359      1294      2058      1516       929       820       685 
  2300000:      7320       344      1609      2227         0      2909      1998      2144      2734      2447      2413      3816      2946      1872      1918      2595 
  2100000:      5528       256      1176      1560      2718         0      1928      2012      2475      2249      2389      3736      3119      2065      2200      3113 
  2000000:      5994       139       870       959      1867      1827         0      1404      1791      1610      1633      2626      2242      1493      1717     48275 
  1900000:      3598       148       844      1117      1912      1911      1348         0      1759      1650      1633      2720      2471      1669      1931      2691 
  1800000:      4285       148      1101      1335      2453      2280      1550      1661         0      1979      1896      3268      2991      2199      2549      3700 
  1700000:      3811       139       971      1158      2095      1982      1397      1504      1780         0      1661      2856      2649      1905      2421      3666 
  1600000:      3624       129       948      1173      2012      1906      1361      1447      1828      1571         0      2778      2676      1978      2548      3942 
  1500000:      5871       243      1494      1892      3322      3184      2330      2416      2986      2588      2626         0      4359      3334      4339      7152 
  1300000:      4955       300      1397      1628      2927      2768      2006      2156      2657      2351      2372      4033         0      3146      4240      7159 
  1200000:      3508       242       931      1148      2047      2060      1485      1504      1890      1568      1635      2994      2794         0      3182      8538 
  1100000:      5436       389      1206      1402      2735      2532      1897      1918      2309      1977      1967      3304      3431      2922         0     12794 
  1000000:      9458       576      2246      2629      4719      3877     50356      2753      3201      2844      2689      5054      5870      8159     14097         0 
