65307
262143304619
===
192607926050 192607989283
192607989283 192608054956
192608054956 192608145288
192608145288 192608208887
192608208887 192608272485
192608272485 192608370507
192608370507 192608433312
192608433312 192608495263
192608495263 192608559533
192608559533 192608622399
192608622399 192608685814
192608685814 192608781395
192608781395 192608847923
192608847923 192608911155
192608911155 192608975974
192608975974 192609040244
192609040244 192609132285
192609132285 192609196494
192609196494 192609264731
192609264731 192609325461
192609325461 192609416464
192609416464 192609482260
192609482260 192609545187
192609545187 192609641622
192609641622 192609708944
192609708944 192609768697
192609768697 192609834004
192609834004 192609898885
192609898885 192609964253
192609964253 192610028706
192610028706 192610090718
192610090718 192610152912
192610152912 192610246967
192610246967 192610311420
192610311420 192610376789
192610376789 192610440875
192610440875 192610507343
192610507343 192610569720
192610569720 192610664508
192610664508 192610728594
192610728594 192610793231
