   From  :    To
         :   2601000   2600000   2500000   2400000   2300000   2100000   2000000   1900000   1800000   1700000   1600000   1500000   1300000   1200000   1100000   1000000 
  2601000:         0         0      1105       553       972      1866       460       454       587       569       663      1114       926       544       707     67381 
  2600000:         0         0         0         0         0         0         1         0         0         0         0         1         0         0         0      2272 
  2500000:      1808         0         0       100        44        31        24        12        27        23        18        32        36        15        27       203 
  2400000:      1126         0        63         0        30        28        15        16        19        19        24        30        21        20        26       205 
  2300000:      1106         5        51        38         0        31        21        18        29        24        27        45        39        41        61       788 
  2100000:      1727         0        77        18        39         0        27        20        22        17        18        47        38        30        55       831 
  2000000:       365         0        17        14        31        15         0        16        10         4         9        16        21        10        39       554 
  1900000:       315         0        17        16        25        16        13         0        16        12         5        26        24        15        37       497 
  1800000:       352         0        13        12        14        21        11        12         0        14         7        34        31        19        55       690 
  1700000:       308         0        17         8        22        10        11         7         8         0        11        27        34        19        48       671 
  1600000:       317         0        12        23        17        13         9         8        20        15         0        21        30        23        41       782 
  1500000:       534         0        24        26        28        22        19        25        24        21        30         0        69        44        75      1415 
  1300000:       549         0        20        10        25        33        19        25        31        35        34        63         0        47        91      1461 
  1200000:       559         0        26        20        21        33        14        17        20        15        20        42        53         0        80      1217 
  1100000:      1199         0        61        41        44        50        31        27        39        34        35        58        81        68         0      3202 
  1000000:     67636      2269       897       763      1012       797       446       377       433       399       430       800      1040      1242      3628         0 
