   From  :    To
         :   2601000   2600000   2500000   2400000   2300000   2100000   2000000   1900000   1800000   1700000   1600000   1500000   1300000   1200000   1100000   1000000 
  2601000:         0         0      6528      4283      8001      6883      5124      4730      5807      5352      5317      8630      6851      3700      4303     19322 
  2600000:         0         0       201       169       323       264       146       172       200       173       191       322       266       155       202       902 
  2500000:      9675       343         0      1005      1422      1343       988      1013      1213      1082      1090      1670      1269       649       669       667 
  2400000:      7212       290      1047         0      1802      1755      1124      1244      1545      1386      1310      2104      1557       953       846       856 
  2300000:      9102       344      1682      2279         0      2950      2029      2171      2768      2502      2451      3890      2990      1909      2010      3337 
  2100000:      6626       256      1235      1613      2767         0      1954      2054      2511      2267      2414      3795      3168      2084      2285      3854 
  2000000:      6602       139       903       975      1899      1847         0      1429      1805      1626      1655      2661      2268      1523      1767     48768 
  1900000:      4227       148       877      1140      1957      1948      1361         0      1769      1665      1649      2757      2493      1698      1967      3293 
  1800000:      4867       148      1146      1378      2498      2304      1572      1681         0      1997      1918      3302      3023      2235      2620      4428 
  1700000:      4313       139      1014      1209      2143      2013      1412      1518      1805         0      1673      2879      2699      1938      2485      4424 
  1600000:      4065       129       999      1221      2045      1936      1374      1459      1844      1585         0      2825      2724      2003      2625      4831 
  1500000:      6774       243      1572      1955      3403      3238      2358      2462      3027      2621      2660         0      4434      3401      4502      8889 
  1300000:      5878       300      1484      1692      2994      2818      2039      2181      2696      2392      2414      4095         0      3211      4400      8753 
  1200000:      4335       242       986      1202      2130      2104      1515      1541      1925      1603      1679      3074      2877         0      3317      9777 
  1100000:      7256       389      1331      1501      2936      2652      1958      1997      2389      2040      2043      3437      3562      3034         0     16362 
  1000000:     13898       576      3093      3409      6094      4828     50913      3297      3813      3373      3201      6098      7166      9814     18889         0 
