   From  :    To
         :   2601000   2600000   2500000   2400000   2300000   2100000   2000000   1900000   1800000   1700000   1600000   1500000   1300000   1200000   1100000   1000000 
  2601000:         0         0      6585      4317      8096      6949      5174      4779      5864      5424      5389      8774      6968      3758      4374     19832 
  2600000:         0         0       201       169       323       264       146       172       200       173       191       322       266       155       202       902 
  2500000:      9813       343         0      1010      1423      1345       990      1014      1215      1082      1090      1671      1271       650       673       686 
  2400000:      7293       290      1049         0      1805      1755      1125      1245      1546      1387      1314      2108      1560       953       846       870 
  2300000:      9242       344      1695      2284         0      2954      2031      2172      2770      2507      2456      3895      2997      1910      2018      3393 
  2100000:      6712       256      1240      1613      2771         0      1956      2054      2511      2268      2416      3796      3174      2084      2291      3907 
  2000000:      6672       139       905       976      1900      1849         0      1431      1805      1627      1656      2662      2269      1524      1771     48815 
  1900000:      4267       148       881      1141      1959      1950      1361         0      1771      1666      1651      2759      2495      1699      1972      3337 
  1800000:      4920       148      1151      1381      2502      2305      1574      1681         0      1999      1919      3305      3026      2240      2628      4469 
  1700000:      4366       139      1021      1210      2145      2016      1413      1518      1806         0      1674      2883      2701      1940      2494      4485 
  1600000:      4103       129      1006      1221      2050      1940      1375      1461      1847      1587         0      2827      2729      2006      2631      4908 
  1500000:      6858       243      1576      1958      3405      3239      2359      2463      3028      2624      2665         0      4440      3409      4513      9037 
  1300000:      5981       300      1490      1695      3002      2821      2045      2182      2699      2397      2417      4098         0      3216      4414      8885 
  1200000:      4416       242       989      1204      2134      2109      1521      1541      1926      1608      1686      3078      2882         0      3336      9886 
  1100000:      7434       389      1340      1507      2950      2662      1968      2003      2401      2047      2058      3453      3571      3047         0     16669 
  1000000:     14205       576      3147      3460      6203      4891     50963      3341      3859      3415      3238      6186      7293      9967     19336         0 
