   From  :    To
         :   2601000   2600000   2500000   2400000   2300000   2100000   2000000   1900000   1800000   1700000   1600000   1500000   1300000   1200000   1100000   1000000 
  2601000:         0         0      2117      1384      2419      5201      2953      1042      1293      1295      1523      2511      2104      1204      1563    106821 
  2600000:         0         0         0         0         0         0         2         0         0         0         0         1         0         0         0      2273 
  2500000:      3647         0         0       250        77        51        35        24        38        39        32        47        46        29        53       298 
  2400000:      2687         0       114         0        51        45        27        29        28        24        31        41        33        35        43       309 
  2300000:      2706         6       117        86         0        56        39        30        42        37        38        74        55        54       101      1491 
  2100000:      4880         0       200        45        64         0        46        35        40        30        41        81        80        55       113      1765 
  2000000:     12710         0        28        23        43        31         0        22        25        11        14        27        37        18        69     44827 
  1900000:       770         0        34        23        32        32        18         0        23        19        10        37        42        28        65      1091 
  1800000:       806         0        33        19        27        41        19        22         0        28        23        56        56        33       103      1400 
  1700000:       695         0        26        14        30        31        23        11        28         0        23        46        49        33        85      1391 
  1600000:       731         0        25        28        30        26        18        13        38        29         0        38        62        38        84      1662 
  1500000:      1192         0        41        34        59        37        33        36        48        44        49         0       120        86       145      2951 
  1300000:      1348         0        44        17        52        64        31        34        52        56        57       105         0        81       165      2897 
  1200000:      1283         0        44        34        37        48        22        31        49        31        41        75        88         0       146      2308 
  1100000:      2739         0       120        66        86        94        56        48        71        62        75       112       140       127         0      6259 
  1000000:     97235      2270      1723      1474      1925      1718     54563       847       891       780       865      1624      2091      2416      7320         0 
