   From  :    To
         :   2601000   2600000   2500000   2400000   2300000   2100000   2000000   1900000   1800000   1700000   1600000   1500000   1300000   1200000   1100000   1000000 
  2601000:         0         0      2081      1348      2352      5047      2937      1026      1280      1281      1502      2480      2073      1182      1537    106451 
  2600000:         0         0         0         0         0         0         2         0         0         0         0         1         0         0         0      2273 
  2500000:      3576         0         0       246        76        51        35        24        38        39        32        46        45        28        53       295 
  2400000:      2622         0       114         0        50        45        27        29        27        24        31        41        33        35        42       303 
  2300000:      2655         6       112        83         0        55        39        30        41        37        38        74        55        54        98      1442 
  2100000:      4758         0       198        44        61         0        45        35        40        30        41        81        79        53       111      1700 
  2000000:     12690         0        27        23        43        31         0        22        25        11        14        26        37        18        66     44812 
  1900000:       747         0        34        23        31        32        17         0        23        19        10        36        42        28        65      1075 
  1800000:       779         0        33        19        26        41        18        22         0        28        23        56        55        33       103      1388 
  1700000:       671         0        25        14        30        31        23        11        27         0        23        46        47        33        85      1377 
  1600000:       712         0        24        28        30        26        18        13        37        29         0        36        60        38        82      1644 
  1500000:      1142         0        40        34        57        37        33        36        48        44        49         0       120        84       145      2911 
  1300000:      1253         0        44        16        51        64        31        34        52        56        57       104         0        79       162      2855 
  1200000:      1185         0        43        33        35        48        22        31        48        29        41        74        88         0       144      2264 
  1100000:      2638         0       117        64        85        92        53        48        69        60        75       112       138       125         0      6128 
  1000000:     97148      2270      1692      1448      1892      1676     54545       821       869       756       841      1567      1986      2295      7111         0 
