   From  :    To
         :   2601000   2600000   2500000   2400000   2300000   2100000   2000000   1900000   1800000   1700000   1600000   1500000   1300000   1200000   1100000   1000000 
  2601000:         0         0        78        46       123       169        48        57        78        75        74       163       144        74        95      1763 
  2600000:         0         0         0         0         0         0         0         0         0         0         0         1         0         0         0      2270 
  2500000:       185         0         0        15        10        14        14         6        11        10         9        13        13         4        12       106 
  2400000:       143         0        14         0         9        14         5         7         6         8         8        15        10         9         9        97 
  2300000:       150         3         4         7         0        11         7         5         9         7        10        16        12        16        19       245 
  2100000:       148         0        12         6        11         0        12         9         9         5         5        17        14         7        10       166 
  2000000:        60         0         3         3         7         7         0         2         3         0         2         4         8         1         9       125 
  1900000:        45         0         3         3         8         4         3         0         5         2         1         8         3         6         5       103 
  1800000:        47         0         2         4         4         3         3         4         0         6         3         9         3         7        15       161 
  1700000:        40         0         5         1         8         0         3         2         1         0         2        10         7         6        10       139 
  1600000:        27         0         3         8         6         2         2         1         7         0         0         8         9         8        11       141 
  1500000:        57         0         7         8        10         5         6         4         4         2         4         0        13        15        20       321 
  1300000:        39         0         4         4         8         8         4         3        10        10         7         9         0        11        19       379 
  1200000:        55         0         4         5         8        11         1         3         7         6         4        22        13         0        16       283 
  1100000:       137         0        14        12         9        11         7         9        10         8         6        13        18        11         0       653 
  1000000:      1853      2268       269       232       300       172       119        87       111        95        98       168       248       263       668         0 
