   From  :    To
         :   2601000   2600000   2500000   2400000   2300000   2100000   2000000   1900000   1800000   1700000   1600000   1500000   1300000   1200000   1100000   1000000 
  2601000:         0         0      6291      4151      7745      6644      4979      4571      5622      5131      5089      8219      6516      3551      4083     17709 
  2600000:         0         0       201       169       323       264       146       172       200       173       191       322       266       155       202       902 
  2500000:      9232       343         0       973      1412      1336       983      1006      1206      1076      1085      1649      1252       642       664       618 
  2400000:      6838       290      1032         0      1795      1749      1119      1237      1541      1379      1304      2092      1541       946       841       817 
  2300000:      8678       344      1670      2264         0      2943      2021      2166      2759      2486      2444      3874      2975      1895      1981      3130 
  2100000:      6384       256      1228      1599      2754         0      1947      2039      2505      2264      2408      3777      3154      2078      2257      3656 
  2000000:      6463       139       896       973      1891      1843         0      1419      1801      1622      1646      2652      2259      1514      1755     48639 
  1900000:      4064       148       868      1132      1943      1942      1357         0      1769      1662      1646      2747      2486      1687      1956      3139 
  1800000:      4707       148      1138      1369      2488      2302      1569      1678         0      1992      1908      3297      3013      2218      2605      4240 
  1700000:      4194       139      1002      1199      2129      2005      1410      1517      1796         0      1667      2872      2683      1930      2469      4208 
  1600000:      3942       129       983      1211      2039      1926      1370      1457      1838      1583         0      2812      2710      1991      2608      4600 
  1500000:      6540       243      1552      1935      3388      3228      2352      2455      3013      2610      2645         0      4410      3377      4458      8463 
  1300000:      5620       300      1460      1674      2981      2805      2030      2172      2685      2376      2402      4079         0      3187      4349      8349 
  1200000:      4124       242       970      1185      2106      2087      1508      1526      1917      1592      1668      3051      2856         0      3273      9447 
  1100000:      6748       389      1302      1473      2881      2626      1945      1982      2364      2024      2029      3406      3533      2998         0     15438 
  1000000:     12766       576      2884      3214      5755      4606     50776      3149      3656      3250      3067      5820      6815      9383     17637         0 
