   From  :    To
         :   2601000   2600000   2500000   2400000   2300000   2100000   2000000   1900000   1800000   1700000   1600000   1500000   1300000   1200000   1100000   1000000 
  2601000:         0         0      6224      4115      7678      6584      4951      4514      5567      5070      5009      8084      6414      3502      4017     17186 
  2600000:         0         0       201       169       323       264       146       172       200       173       191       322       266       155       202       902 
  2500000:      9080       343         0       969      1403      1331       982      1005      1204      1075      1083      1645      1250       640       662       610 
  2400000:      6729       290      1031         0      1793      1747      1118      1237      1541      1376      1304      2090      1538       945       839       808 
  2300000:      8522       344      1668      2261         0      2941      2019      2163      2759      2480      2441      3867      2974      1893      1977      3075 
  2100000:      6284       256      1224      1594      2750         0      1947      2039      2501      2263      2408      3775      3149      2077      2247      3605 
  2000000:      6420       139       893       973      1891      1842         0      1418      1801      1620      1645      2651      2259      1513      1752     48613 
  1900000:      4006       148       866      1131      1939      1939      1356         0      1766      1662      1645      2747      2486      1687      1953      3089 
  1800000:      4669       148      1137      1368      2486      2302      1566      1676         0      1992      1907      3296      3013      2217      2599      4191 
  1700000:      4159       139      1000      1197      2125      2003      1410      1517      1796         0      1665      2872      2682      1928      2466      4141 
  1600000:      3915       129       978      1208      2038      1924      1370      1456      1836      1582         0      2810      2709      1991      2601      4521 
  1500000:      6473       243      1539      1931      3378      3224      2351      2452      3012      2609      2644         0      4406      3374      4455      8325 
  1300000:      5564       300      1455      1673      2976      2802      2029      2172      2684      2376      2400      4074         0      3185      4344      8232 
  1200000:      4066       242       964      1181      2097      2086      1507      1526      1916      1590      1667      3047      2855         0      3267      9361 
  1100000:      6607       389      1290      1464      2869      2612      1938      1977      2360      2023      2027      3399      3531      2996         0     15187 
  1000000:     12420       576      2812      3152      5638      4518     50740      3096      3624      3209      3032      5737      6734      9269     17288         0 
