   From  :    To
         :   2601000   2600000   2500000   2400000   2300000   2100000   2000000   1900000   1800000   1700000   1600000   1500000   1300000   1200000   1100000   1000000 
  2601000:         0         0      5662      3768      7020      5992      4577      4101      5067      4566      4462      6966      5546      3069      3425     12808 
  2600000:         0         0       201       169       323       264       146       172       200       173       191       322       266       155       202       902 
  2500000:      7847       343         0       895      1375      1311       966       984      1192      1065      1064      1605      1224       633       632       521 
  2400000:      5756       290       996         0      1770      1729      1104      1231      1528      1359      1294      2058      1517       930       822       690 
  2300000:      7326       344      1609      2227         0      2909      1998      2145      2734      2448      2413      3817      2946      1873      1919      2620 
  2100000:      5535       256      1176      1562      2720         0      1928      2012      2475      2251      2389      3737      3122      2065      2202      3125 
  2000000:      5996       139       871       959      1867      1827         0      1404      1791      1610      1633      2626      2243      1494      1719     48280 
  1900000:      3601       148       844      1118      1912      1914      1349         0      1759      1651      1633      2722      2472      1670      1931      2695 
  1800000:      4286       148      1102      1335      2453      2280      1550      1661         0      1979      1896      3269      2991      2200      2550      3705 
  1700000:      3814       139       971      1161      2095      1982      1398      1504      1780         0      1661      2856      2649      1907      2423      3670 
  1600000:      3626       129       948      1173      2012      1906      1361      1447      1828      1571         0      2780      2678      1980      2548      3951 
  1500000:      5875       243      1495      1892      3323      3185      2330      2418      2986      2589      2626         0      4359      3335      4344      7171 
  1300000:      4957       300      1398      1628      2929      2768      2007      2156      2660      2351      2374      4036         0      3148      4247      7181 
  1200000:      3511       242       931      1148      2047      2061      1486      1505      1891      1568      1635      2995      2799         0      3182      8572 
  1100000:      5438       389      1207      1403      2735      2533      1901      1919      2310      1979      1967      3308      3437      2923         0     12901 
  1000000:      9460       576      2246      2636      4747      3894     50358      2760      3204      2850      2700      5074      5891      8191     14204         0 
