   From  :    To
         :   2601000   2600000   2500000   2400000   2300000   2100000   2000000   1900000   1800000   1700000   1600000   1500000   1300000   1200000   1100000   1000000 
  2601000:         0         0      5720      3798      7102      6077      4628      4149      5124      4623      4517      7083      5644      3132      3492     13346 
  2600000:         0         0       201       169       323       264       146       172       200       173       191       322       266       155       202       902 
  2500000:      7979       343         0       901      1378      1316       967       989      1194      1065      1067      1608      1227       633       634       533 
  2400000:      5856       290       999         0      1773      1729      1104      1231      1529      1360      1294      2060      1519       932       823       704 
  2300000:      7472       344      1618      2232         0      2911      1999      2146      2735      2451      2415      3822      2948      1873      1925      2677 
  2100000:      5621       256      1184      1563      2724         0      1928      2016      2478      2252      2392      3739      3125      2066      2205      3199 
  2000000:      6041       139       872       960      1868      1827         0      1405      1793      1610      1634      2626      2243      1494      1720     48323 
  1900000:      3632       148       845      1119      1916      1915      1349         0      1760      1653      1634      2724      2473      1671      1934      2743 
  1800000:      4328       148      1107      1340      2455      2284      1551      1661         0      1979      1896      3271      2993      2200      2551      3768 
  1700000:      3859       139       971      1164      2096      1983      1398      1506      1780         0      1661      2857      2651      1909      2427      3723 
  1600000:      3664       129       951      1177      2012      1908      1362      1447      1828      1572         0      2780      2680      1980      2552      4008 
  1500000:      5953       243      1500      1898      3329      3189      2330      2419      2991      2591      2626         0      4359      3338      4348      7289 
  1300000:      5030       300      1408      1637      2936      2771      2011      2157      2661      2354      2377      4041         0      3150      4256      7283 
  1200000:      3588       242       933      1157      2054      2064      1486      1506      1892      1569      1636      2999      2805         0      3185      8682 
  1100000:      5574       389      1220      1410      2755      2547      1911      1921      2316      1984      1971      3309      3442      2928         0     13143 
  1000000:      9837       576      2305      2678      4847      3963     50385      2791      3251      2888      2739      5162      5997      8337     14566         0 
