   From  :    To
         :   2601000   2600000   2500000   2400000   2300000   2100000   2000000   1900000   1800000   1700000   1600000   1500000   1300000   1200000   1100000   1000000 
  2601000:         0         0      2666      1716      3157      6816      3296      1203      1472      1506      1730      2975      2520      1445      1816    111118 
  2600000:         0         0         0         0         0         0         2         0         0         0         0         1         0         0         0      2273 
  2500000:      4562         0         0       332        89        63        37        29        41        41        34        56        54        32        60       324 
  2400000:      3369         0       133         0        58        47        32        31        31        27        37        47        37        40        48       353 
  2300000:      3285         6       181       136         0        70        41        32        47        47        42        78        68        67       128      1963 
  2100000:      6337         0       246        61        75         0        56        39        45        31        49        91        90        59       135      2243 
  2000000:     14220         0        30        24        46        37         0        23        27        16        18        32        43        21        81     48264 
  1900000:       994         0        39        30        38        36        18         0        28        20        17        41        47        32        74      1238 
  1800000:      1093         0        43        21        35        45        21        25         0        31        27        64        61        37       114      1571 
  1700000:       936         0        30        17        36        32        27        16        31         0        29        53        55        40       104      1590 
  1600000:       988         0        30        31        31        28        23        14        43        34         0        47        71        50        96      1879 
  1500000:      1693         0        58        37        63        50        37        43        56        54        54         0       148       103       180      3402 
  1300000:      2048         0        66        24        68        75        40        40        58        62        67       125         0        97       198      3349 
  1200000:      1952         0        77        39        48        52        29        34        52        37        48        94       112         0       178      2736 
  1100000:      3390         0       159        80       102       108        65        58        83        76        93       130       164       160         0      7591 
  1000000:     98568      2270      1996      1742      2345      2098     59158      1065      1174      1014      1120      2144      2847      3305      9047         0 
