   From  :    To
         :   2601000   2600000   2500000   2400000   2300000   2100000   2000000   1900000   1800000   1700000   1600000   1500000   1300000   1200000   1100000   1000000 
  2601000:         0         0      2608      1645      3071      6588      3290      1192      1459      1493      1712      2935      2465      1422      1795    110760 
  2600000:         0         0         0         0         0         0         2         0         0         0         0         1         0         0         0      2273 
  2500000:      4471         0         0       327        88        62        37        29        41        40        34        55        54        32        59       321 
  2400000:      3268         0       133         0        58        47        32        31        31        27        37        46        37        38        48       346 
  2300000:      3226         6       171       129         0        69        41        32        46        47        42        77        67        67       126      1914 
  2100000:      6124         0       237        60        75         0        56        38        45        31        49        91        89        58       133      2198 
  2000000:     14201         0        30        24        46        37         0        23        27        16        18        32        43        21        81     48259 
  1900000:       970         0        39        30        38        35        18         0        28        20        17        41        47        32        74      1226 
  1800000:      1070         0        42        21        35        45        21        25         0        31        27        64        60        36       114      1557 
  1700000:       910         0        30        17        35        32        27        16        31         0        29        53        55        40       103      1578 
  1600000:       966         0        30        31        31        28        23        14        42        34         0        47        71        49        96      1863 
  1500000:      1641         0        58        37        63        50        37        43        56        54        54         0       148       103       178      3360 
  1300000:      1937         0        64        24        67        74        40        40        58        62        67       125         0        97       196      3295 
  1200000:      1843         0        76        37        48        52        29        34        52        37        48        94       112         0       174      2710 
  1100000:      3323         0       155        80       101       108        65        57        83        76        93       130       164       160         0      7502 
  1000000:     98484      2270      1977      1717      2304      2057     59140      1041      1149       988      1098      2091      2734      3191      8920         0 
