   From  :    To
         :   2601000   2600000   2500000   2400000   2300000   2100000   2000000   1900000   1800000   1700000   1600000   1500000   1300000   1200000   1100000   1000000 
  2601000:         0         0      2521      1605      2983      6486      3276      1175      1443      1473      1682      2865      2399      1392      1767    110241 
  2600000:         0         0         0         0         0         0         2         0         0         0         0         1         0         0         0      2273 
  2500000:      4326         0         0       322        87        62        37        29        40        40        34        54        53        32        58       319 
  2400000:      3193         0       130         0        58        47        32        31        31        27        37        45        37        37        47       338 
  2300000:      3145         6       162       126         0        67        41        32        45        46        41        77        64        66       122      1854 
  2100000:      6026         0       236        60        74         0        55        38        45        31        49        90        89        58       128      2129 
  2000000:     14157         0        30        24        45        35         0        23        27        15        18        32        43        21        81     48246 
  1900000:       939         0        39        29        37        35        18         0        28        20        17        41        47        32        74      1211 
  1800000:      1032         0        41        20        35        45        21        25         0        31        27        63        60        36       114      1541 
  1700000:       862         0        30        17        35        32        27        16        31         0        28        53        55        40       103      1558 
  1600000:       923         0        30        31        31        28        23        14        42        34         0        47        70        49        95      1837 
  1500000:      1565         0        57        37        62        50        37        43        56        53        54         0       146       102       177      3300 
  1300000:      1814         0        62        24        66        74        39        40        57        62        67       125         0        97       192      3236 
  1200000:      1738         0        70        37        47        52        28        34        52        36        47        94       112         0       174      2667 
  1100000:      3214         0       150        79        98       105        65        55        82        75        92       128       161       157         0      7323 
  1000000:     98373      2270      1935      1679      2236      1990     59096      1012      1112       944      1061      2024      2619      3069      8653         0 
