   From  :    To
         :   2601000   2600000   2500000   2400000   2300000   2100000   2000000   1900000   1800000   1700000   1600000   1500000   1300000   1200000   1100000   1000000 
  2601000:         0         0      2608      1645      3070      6588      3290      1192      1459      1493      1711      2933      2465      1421      1795    110756 
  2600000:         0         0         0         0         0         0         2         0         0         0         0         1         0         0         0      2273 
  2500000:      4470         0         0       327        88        62        37        29        41        40        34        55        54        32        59       321 
  2400000:      3267         0       133         0        58        47        32        31        31        27        37        46        37        37        48       346 
  2300000:      3226         6       170       129         0        68        41        32        46        46        42        77        67        67       126      1913 
  2100000:      6124         0       237        60        74         0        56        38        45        31        49        91        89        58       132      2198 
  2000000:     14200         0        30        24        46        37         0        23        27        15        18        32        43        21        81     48259 
  1900000:       970         0        39        30        38        35        18         0        28        20        17        41        47        32        74      1226 
  1800000:      1070         0        42        21        35        45        21        25         0        31        27        64        60        36       114      1556 
  1700000:       909         0        30        17        35        32        27        16        31         0        28        53        55        40       103      1577 
  1600000:       966         0        30        31        31        28        23        14        42        34         0        47        70        49        95      1862 
  1500000:      1640         0        58        37        63        50        37        43        56        54        54         0       148       102       178      3358 
  1300000:      1936         0        64        24        67        74        39        40        58        62        67       125         0        97       194      3295 
  1200000:      1842         0        76        37        47        52        29        34        52        36        48        94       112         0       174      2704 
  1100000:      3323         0       155        79       101       107        65        57        83        76        92       129       164       159         0      7488 
  1000000:     98482      2270      1977      1716      2303      2057     59139      1041      1148       988      1098      2090      2732      3186      8905         0 
