   From  :    To
         :   2601000   2600000   2500000   2400000   2300000   2100000   2000000   1900000   1800000   1700000   1600000   1500000   1300000   1200000   1100000   1000000 
  2601000:         0         0     13968      4469      8172     15607     11860      2711      3425      3289      3652      6240      5258      3169      3852    121091 
  2600000:         0         0         0         0         0         0         2         0         0         0         0         1         0         0         0      2273 
  2500000:     18286         0         0       487       136       110        52        47        60        76        62        98       100        65        99       420 
  2400000:      7202         0       407         0        90        83        52        52        49        56        64        83        67        69        76       505 
  2300000:      8127         6       648       321         0       129        67        77       132       139       102       153       145       135       253      3110 
  2100000:     14479         0       965       131       139         0       105       121       131        93        89       157       177       116       253      3527 
  2000000:     26602         0        90        54        86        93         0        71        63        39        51        82        87        60       163     97016 
  1900000:      2201         0        84        66        85       112        60         0        57        46        59       104       103        66       164      2204 
  1800000:      2457         0        97        76       140       143        52        67         0        65        63       133       114        84       212      2878 
  1700000:      2224         0        81        59       127        97        54        45        64         0        69       109       109        90       206      2774 
  1600000:      2281         0        97        90       122        72        46        36        64        68         0       119       147       109       214      3157 
  1500000:      4134         0       162       119       160       145        79        81       112        93       112         0       283       198       382      5624 
  1300000:      4304         0       133        64       138       153        90        84       121       122       132       239         0       196       404      5359 
  1200000:      3663         0       124        81        96       106        60        77        94        89        96       185       204         0       330      4285 
  1100000:      6135         0       253       169       240       219       130       121       143       153       165       276       312       287         0     11166 
  1000000:    104667      2270      2989      2669      3813      3414    111848      1821      2066      1780      1906      3705      4433      4846     13161         0 
