   From  :    To
         :   2601000   2600000   2500000   2400000   2300000   2100000   2000000   1900000   1800000   1700000   1600000   1500000   1300000   1200000   1100000   1000000 
  2601000:         0         0     14239      4581      8382     16195     11916      2769      3491      3351      3741      6364      5372      3235      3924    121607 
  2600000:         0         0         0         0         0         0         2         0         0         0         0         1         0         0         0      2273 
  2500000:     18683         0         0       500       138       111        54        50        60        77        64        99       101        66        99       425 
  2400000:      7383         0       415         0        93        83        52        52        50        56        64        83        67        69        76       513 
  2300000:      8346         6       660       326         0       130        67        78       132       139       102       154       145       135       256      3164 
  2100000:     15002         0       996       135       140         0       105       122       131        93        90       160       177       116       254      3595 
  2000000:     26637         0        93        54        87        93         0        71        63        39        51        82        87        60       167     97057 
  1900000:      2227         0        85        68        85       113        60         0        57        46        60       104       103        66       165      2263 
  1800000:      2473         0        99        76       141       145        52        68         0        66        63       133       114        85       213      2938 
  1700000:      2243         0        83        59       127        97        54        45        64         0        69       109       109        90       211      2828 
  1600000:      2296         0        98        90       123        72        48        37        64        68         0       119       147       109       217      3241 
  1500000:      4164         0       163       121       162       145        79        81       112        94       112         0       283       198       385      5741 
  1300000:      4331         0       134        64       138       153        90        84       121       122       132       239         0       197       409      5468 
  1200000:      3702         0       127        81        97       106        60        78        94        89        97       186       204         0       335      4349 
  1100000:      6266         0       259       171       243       220       130       121       143       154       166       278       313       288         0     11317 
  1000000:    105413      2270      3076      2730      3884      3453    111872      1846      2084      1794      1918      3729      4460      4891     13358         0 
