   From  :    To
         :   2601000   2600000   2500000   2400000   2300000   2100000   2000000   1900000   1800000   1700000   1600000   1500000   1300000   1200000   1100000   1000000 
  2601000:         0         0      6304      4155      7746      6646      4979      4572      5624      5133      5090      8221      6519      3552      4084     17713 
  2600000:         0         0       201       169       323       264       146       172       200       173       191       322       266       155       202       902 
  2500000:      9239       343         0       974      1413      1337       984      1006      1208      1076      1085      1649      1252       642       664       622 
  2400000:      6845       290      1032         0      1795      1749      1119      1237      1541      1380      1305      2094      1541       946       841       817 
  2300000:      8682       344      1670      2264         0      2943      2021      2166      2760      2486      2444      3875      2976      1895      1983      3133 
  2100000:      6385       256      1228      1599      2754         0      1948      2039      2505      2264      2408      3779      3154      2078      2257      3657 
  2000000:      6464       139       896       973      1891      1843         0      1420      1801      1622      1646      2652      2261      1514      1756     48641 
  1900000:      4066       148       868      1132      1943      1942      1357         0      1769      1662      1647      2748      2487      1688      1956      3140 
  1800000:      4708       148      1138      1370      2490      2302      1569      1678         0      1992      1911      3297      3013      2219      2607      4244 
  1700000:      4195       139      1002      1199      2129      2005      1410      1517      1797         0      1669      2872      2685      1930      2469      4212 
  1600000:      3945       129       984      1211      2041      1926      1371      1458      1840      1584         0      2813      2712      1992      2608      4603 
  1500000:      6544       243      1553      1938      3389      3228      2352      2456      3016      2611      2647         0      4413      3381      4460      8470 
  1300000:      5623       300      1461      1674      2981      2806      2030      2174      2685      2377      2403      4080         0      3188      4351      8360 
  1200000:      4124       242       970      1185      2106      2087      1509      1527      1917      1592      1668      3057      2857         0      3278      9455 
  1100000:      6750       389      1302      1474      2883      2626      1945      1982      2365      2024      2031      3409      3535      3001         0     15467 
  1000000:     12767       576      2885      3215      5758      4607     50779      3149      3658      3254      3072      5833      6822      9393     17667         0 
