   From  :    To
         :   2601000   2600000   2500000   2400000   2300000   2100000   2000000   1900000   1800000   1700000   1600000   1500000   1300000   1200000   1100000   1000000 
  2601000:         0         0      6353      4196      7836      6731      5034      4621      5691      5199      5177      8363      6650      3596      4160     18199 
  2600000:         0         0       201       169       323       264       146       172       200       173       191       322       266       155       202       902 
  2500000:      9359       343         0       982      1414      1338       984      1007      1211      1076      1087      1659      1259       644       666       632 
  2400000:      6953       290      1036         0      1797      1752      1122      1242      1542      1382      1308      2097      1549       950       845       834 
  2300000:      8825       344      1671      2269         0      2944      2024      2167      2765      2490      2445      3880      2984      1897      1992      3199 
  2100000:      6463       256      1228      1602      2758         0      1949      2047      2506      2264      2409      3786      3159      2081      2268      3718 
  2000000:      6508       139       897       973      1894      1843         0      1422      1803      1623      1648      2655      2264      1517      1762     48683 
  1900000:      4118       148       870      1132      1946      1944      1358         0      1769      1663      1647      2750      2489      1691      1958      3189 
  1800000:      4771       148      1139      1371      2492      2303      1569      1678         0      1995      1914      3300      3018      2228      2613      4305 
  1700000:      4231       139      1003      1204      2131      2005      1410      1517      1799         0      1670      2873      2690      1932      2474      4268 
  1600000:      3990       129       991      1215      2041      1928      1373      1458      1844      1584         0      2814      2714      1993      2613      4679 
  1500000:      6623       243      1561      1941      3394      3231      2354      2457      3020      2614      2648         0      4417      3384      4473      8606 
  1300000:      5719       300      1465      1679      2989      2810      2032      2174      2690      2379      2407      4081         0      3191      4368      8499 
  1200000:      4194       242       975      1191      2113      2089      1510      1530      1918      1593      1671      3061      2860         0      3286      9551 
  1100000:      6898       389      1306      1479      2898      2636      1949      1987      2373      2025      2033      3414      3542      3009         0     15754 
  1000000:     13153       576      2965      3296      5870      4676     50817      3193      3713      3286      3111      5911      6922      9516     18012         0 
