   From  :    To
         :   2601000   2600000   2500000   2400000   2300000   2100000   2000000   1900000   1800000   1700000   1600000   1500000   1300000   1200000   1100000   1000000 
  2601000:         0         0      8823      3222      6238     11856     11563      2414      3036      2921      3218      5536      4687      2866      3486    119578 
  2600000:         0         0         0         0         0         0         2         0         0         0         0         1         0         0         0      2273 
  2500000:     12298         0         0       448       131       106        51        45        58        71        59        93        93        60        90       403 
  2400000:      5687         0       265         0        83        76        50        51        48        51        56        81        63        65        71       482 
  2300000:      6301         6       448       238         0       120        66        66       102       114        87       146       139       133       235      2885 
  2100000:     10992         0       712       117       130         0        95        93       103        84        85       143       162       106       228      3244 
  2000000:     26342         0        82        51        82        75         0        54        55        36        49        75        81        58       153     96842 
  1900000:      1983         0        74        56        73        96        44         0        51        41        51        94        91        63       154      2005 
  1800000:      2190         0        84        67       111       112        45        58         0        58        55       122       109        74       198      2626 
  1700000:      2003         0        69        50        92        84        52        42        59         0        63        99       104        86       189      2539 
  1600000:      2006         0        79        68        99        63        44        33        63        62         0       105       138       104       190      2903 
  1500000:      3683         0       133       103       145       131        74        78       109        88       106         0       261       178       354      5162 
  1300000:      3950         0       124        61       126       143        82        71       110       114       119       219         0       180       372      4948 
  1200000:      3451         0       115        74        92       100        56        74        87        80        88       171       188         0       298      3965 
  1100000:      5704         0       240       153       216       199       123       111       133       143       152       257       286       267         0     10338 
  1000000:    102853      2270      2758      2421      3468      3133    111688      1686      1895      1668      1769      3463      4217      4599     12304         0 
