   From  :    To
         :   2601000   2600000   2500000   2400000   2300000   2100000   2000000   1900000   1800000   1700000   1600000   1500000   1300000   1200000   1100000   1000000 
  2601000:         0         0      9601      3405      6499     12296     11593      2445      3073      2949      3262      5600      4732      2885      3515    119632 
  2600000:         0         0         0         0         0         0         2         0         0         0         0         1         0         0         0      2273 
  2500000:     13186         0         0       449       131       107        51        45        58        71        59        93        93        60        90       403 
  2400000:      5883         0       284         0        83        76        50        52        48        51        56        81        63        65        71       483 
  2300000:      6520         6       482       248         0       120        66        67       104       118        88       147       139       134       237      2905 
  2100000:     11389         0       753       120       130         0        96       100       106        85        85       144       165       106       229      3264 
  2000000:     26364         0        85        52        82        77         0        57        55        36        49        75        81        58       153     96855 
  1900000:      2013         0        74        57        76       100        45         0        51        43        53        95        92        63       154      2017 
  1800000:      2216         0        84        67       113       117        46        59         0        58        56       123       109        74       199      2642 
  1700000:      2026         0        70        52        95        85        52        42        59         0        63       100       105        86       189      2553 
  1600000:      2041         0        81        70       103        65        44        33        63        62         0       106       139       104       191      2914 
  1500000:      3737         0       137       104       146       132        74        79       109        88       106         0       262       178       355      5194 
  1300000:      3991         0       125        61       127       144        82        72       111       114       119       220         0       180       375      4972 
  1200000:      3476         0       115        74        92       100        56        74        87        80        88       171       188         0       300      3979 
  1100000:      5729         0       240       154       218       199       123       112       133       143       153       257       290       268         0     10395 
  1000000:    102915      2270      2765      2433      3486      3154    111699      1696      1906      1679      1779      3488      4235      4619     12356         0 
