   From  :    To
         :   2601000   2600000   2500000   2400000   2300000   2100000   2000000   1900000   1800000   1700000   1600000   1500000   1300000   1200000   1100000   1000000 
  2601000:         0         0     13419      4210      7750     14495     11719      2594      3248      3151      3484      5981      5011      3024      3688    119891 
  2600000:         0         0         0         0         0         0         2         0         0         0         0         1         0         0         0      2273 
  2500000:     17493         0         0       463       134       108        52        47        60        73        60        96        98        62        93       412 
  2400000:      6795         0       381         0        86        82        51        52        48        54        61        82        65        66        74       492 
  2300000:      7643         6       618       308         0       126        67        74       125       137        99       150       142       135       241      2999 
  2100000:     13458         0       903       125       137         0       103       120       130        92        86       149       171       112       239      3364 
  2000000:     26493         0        88        53        86        89         0        69        62        37        50        80        86        60       159     96902 
  1900000:      2126         0        84        65        84       110        58         0        55        45        58       103        99        64       160      2090 
  1800000:      2375         0        94        76       138       136        50        64         0        63        59       130       111        80       207      2710 
  1700000:      2164         0        77        58       126        95        54        43        63         0        68       106       108        88       193      2646 
  1600000:      2217         0        95        89       120        67        45        35        63        67         0       116       146       108       203      3000 
  1500000:      4047         0       159       117       156       142        77        80       109        92       112         0       276       187       373      5359 
  1300000:      4216         0       129        64       135       150        89        79       117       118       127       234         0       190       395      5107 
  1200000:      3561         0       122        77        94       103        59        75        93        84        94       176       202         0       315      4109 
  1100000:      5865         0       246       162       230       211       128       116       139       149       163       266       304       278         0     10723 
  1000000:    103211      2270      2836      2522      3594      3275    111760      1753      1981      1727      1850      3616      4331      4710     12640         0 
