   From  :    To
         :   2601000   2600000   2500000   2400000   2300000   2100000   2000000   1900000   1800000   1700000   1600000   1500000   1300000   1200000   1100000   1000000 
  2601000:         0         0      4402      3277      6017      5188      3720      3595      4406      3955      3832      5774      4590      2516      2637      7061 
  2600000:         0         0       201       169       323       264       146       172       200       173       191       322       266       155       202       902 
  2500000:      5939       343         0       833      1348      1283       959       966      1172      1047      1046      1564      1182       611       604       436 
  2400000:      4568       290       962         0      1741      1713      1089      1224      1519      1347      1281      2034      1500       915       802       582 
  2300000:      5807       344      1547      2196         0      2867      1983      2124      2711      2412      2388      3769      2910      1837      1860      2079 
  2100000:      4661       256      1121      1527      2677         0      1905      1993      2449      2233      2374      3689      3090      2038      2150      2505 
  2000000:      4012       139       836       935      1848      1809         0      1388      1780      1599      1618      2604      2219      1484      1670     17801 
  1900000:      3085       148       811      1096      1897      1884      1337         0      1740      1637      1623      2698      2448      1646      1900      2289 
  1800000:      3816       148      1059      1307      2415      2257      1540      1645         0      1965      1879      3244      2964      2163      2489      3154 
  1700000:      3371       139       937      1144      2072      1962      1383      1493      1765         0      1642      2832      2617      1882      2372      3129 
  1600000:      3259       129       910      1145      1988      1883      1347      1431      1815      1561         0      2755      2643      1950      2487      3324 
  1500000:      5126       243      1435      1850      3272      3141      2308      2383      2948      2554      2598         0      4289      3285      4204      5995 
  1300000:      4173       300      1326      1577      2874      2715      1990      2128      2631      2316      2331      3968         0      3088      4109      5972 
  1200000:      2831       242       898      1114      1987      2018      1454      1474      1862      1543      1602      2937      2738         0      3088      7584 
  1100000:      4043       389      1127      1332      2598      2454      1846      1871      2272      1918      1921      3180      3314      2817         0      9954 
  1000000:      6278       576      1761      2065      3777      3230     18735      2352      2775      2480      2301      4261      4728      6985     10462         0 
