   From  :    To
         :   2601000   2600000   2500000   2400000   2300000   2100000   2000000   1900000   1800000   1700000   1600000   1500000   1300000   1200000   1100000   1000000 
  2601000:         0         0      4089      3187      5764      5016      3620      3502      4269      3828      3719      5588      4381      2413      2493      6423 
  2600000:         0         0       201       169       323       264       146       172       200       173       191       322       266       155       202       902 
  2500000:      5478       343         0       831      1343      1280       957       965      1171      1046      1042      1563      1175       610       602       417 
  2400000:      4351       290       959         0      1735      1711      1089      1224      1519      1345      1279      2029      1498       915       799       576 
  2300000:      5473       344      1542      2188         0      2866      1980      2120      2705      2409      2387      3759      2903      1832      1843      1982 
  2100000:      4493       256      1111      1519      2674         0      1904      1990      2445      2230      2372      3686      3083      2038      2139      2400 
  2000000:      3910       139       832       932      1844      1808         0      1385      1780      1598      1615      2601      2218      1483      1668     17731 
  1900000:      2990       148       806      1092      1896      1880      1335         0      1740      1636      1621      2695      2444      1642      1895      2225 
  1800000:      3735       148      1052      1301      2413      2253      1536      1645         0      1964      1877      3238      2961      2159      2479      3053 
  1700000:      3296       139       931      1143      2067      1961      1382      1492      1765         0      1638      2829      2611      1878      2359      3039 
  1600000:      3197       129       903      1144      1985      1883      1346      1430      1813      1560         0      2753      2640      1948      2479      3212 
  1500000:      5024       243      1424      1843      3266      3134      2307      2380      2943      2554      2594         0      4283      3277      4186      5832 
  1300000:      4066       300      1311      1568      2863      2709      1983      2126      2625      2313      2326      3964         0      3083      4087      5773 
  1200000:      2733       242       893      1109      1984      2016      1451      1472      1859      1541      1598      2931      2733         0      3069      7446 
  1100000:      3822       389      1122      1319      2585      2444      1842      1859      2266      1912      1911      3168      3304      2807         0      9517 
  1000000:      5723       576      1647      1974      3591      3115     18666      2283      2714      2421      2252      4164      4597      6837      9967         0 
