   From  :    To
         :   2601000   2600000   2500000   2400000   2300000   2100000   2000000   1900000   1800000   1700000   1600000   1500000   1300000   1200000   1100000   1000000 
  2601000:         0         0        52        28        65        89        25        33        42        35        38        75        65        30        34       515 
  2600000:         0         0         0         0         0         0         0         0         0         0         0         0         0         0         0      1254 
  2500000:       108         0         0         9         9         8         9         6         5         6         2         9         5         1         5        48 
  2400000:        64         0        11         0         4         6         0         2         2         5         3         8         3         6         4        39 
  2300000:        71         0         1         5         0         4         4         2         8         5         4         5         7         7        10        82 
  2100000:        65         0         8         5         5         0         5         6         8         3         4        12        10         4         7        81 
  2000000:        28         0         3         2         3         5         0         1         1         0         0         1         1         0         4        46 
  1900000:        18         0         1         1         4         2         0         0         4         2         0         5         2         3         3        42 
  1800000:        29         0         1         2         3         1         2         3         0         4         1         4         2         4        10        65 
  1700000:        20         0         2         1         7         0         1         0         1         0         2         6         5         5         3        54 
  1600000:        12         0         2         2         4         2         1         0         2         0         0         3         6         4         7        60 
  1500000:        20         0         4         5         7         4         3         2         4         2         3         0         8         5         9       136 
  1300000:        17         0         3         2         4         7         2         3         7         4         7         7         0         6         8       131 
  1200000:        24         0         2         4         4         8         0         1         3         2         3        14         7         0         6        93 
  1100000:        70         0         9         5         5         7         6         4         4         3         1         8        11         3         0       228 
  1000000:       579      1254       131        86        91        80        37        24        40        36        37        55        76        93       254         0 
