   From  :    To
         :   2601000   2600000   2500000   2400000   2300000   2100000   2000000   1900000   1800000   1700000   1600000   1500000   1300000   1200000   1100000   1000000 
  2601000:         0         0        61        41       112       161        45        53        68        67        66       144       124        61        79      1025 
  2600000:         0         0         0         0         0         0         0         0         0         0         0         0         0         0         0      1254 
  2500000:       155         0         0        13        10        14        14         6        11         9         8        13        12         2        10        88 
  2400000:       121         0        13         0         8         8         4         6         5         7         5        13         9         8         8        78 
  2300000:       120         0         3         7         0         7         6         5         9         6         8        14        10        13        17       168 
  2100000:       123         0        11         5         6         0        10         8         8         5         4        16        11         6         8       140 
  2000000:        51         0         3         3         3         5         0         2         2         0         1         3         6         0         8        86 
  1900000:        32         0         2         3         8         2         2         0         4         2         1         6         3         5         4        80 
  1800000:        41         0         2         2         4         2         3         3         0         6         1         5         2         6        12       118 
  1700000:        29         0         5         1         8         0         1         1         1         0         2         9         6         6         8        96 
  1600000:        22         0         3         7         5         2         1         1         5         0         0         6         6         6        10       108 
  1500000:        42         0         6         6         8         4         5         2         4         2         4         0         9         8        16       243 
  1300000:        31         0         4         4         6         8         4         3         8         4         7         7         0         8        10       234 
  1200000:        45         0         3         5         8         9         1         2         4         3         4        17         7         0        11       162 
  1100000:       108         0        12         9         7         9         6         6         5         4         2        10        12         5         0       341 
  1000000:      1186      1254       237       187       200       130        71        56        73        58        69        96       121       147       335         0 
