   From  :    To
         :   2601000   2600000   2500000   2400000   2300000   2100000   2000000   1900000   1800000   1700000   1600000   1500000   1300000   1200000   1100000   1000000 
  2601000:         0         0      5955      3940      7330      6308      4755      4304      5330      4805      4716      7532      5986      3286      3720     14954 
  2600000:         0         0       201       169       323       264       146       172       200       173       191       322       266       155       202       902 
  2500000:      8498       343         0       929      1390      1321       973       996      1195      1067      1073      1627      1234       639       647       575 
  2400000:      6240       290      1014         0      1780      1736      1109      1232      1534      1369      1298      2072      1523       938       833       747 
  2300000:      7973       344      1637      2239         0      2927      2009      2152      2745      2465      2426      3839      2955      1879      1945      2839 
  2100000:      5936       256      1210      1580      2733         0      1936      2029      2487      2256      2402      3753      3135      2071      2220      3381 
  2000000:      6205       139       884       966      1879      1831         0      1413      1794      1615      1638      2639      2252      1504      1734     48442 
  1900000:      3786       148       854      1126      1923      1924      1353         0      1764      1657      1639      2734      2479      1676      1938      2890 
  1800000:      4458       148      1116      1352      2474      2290      1553      1665         0      1986      1901      3280      3005      2204      2569      3959 
  1700000:      3961       139       984      1178      2105      1990      1405      1511      1787         0      1661      2863      2658      1913      2442      3900 
  1600000:      3747       129       963      1189      2021      1915      1364      1450      1832      1576         0      2793      2689      1983      2568      4212 
  1500000:      6156       243      1523      1914      3352      3203      2340      2428      2999      2593      2635         0      4381      3352      4394      7745 
  1300000:      5209       300      1427      1648      2952      2781      2019      2162      2665      2360      2383      4054         0      3164      4287      7677 
  1200000:      3764       242       946      1167      2069      2076      1497      1515      1900      1576      1645      3024      2818         0      3203      8927 
  1100000:      5991       389      1248      1432      2806      2571      1922      1939      2333      1999      1989      3347      3475      2950         0     13956 
  1000000:     10996       576      2545      2886      5237      4248     50554      2923      3395      3000      2834      5379      6232      8655     15645         0 
