   From  :    To
         :   2601000   2600000   2500000   2400000   2300000   2100000   2000000   1900000   1800000   1700000   1600000   1500000   1300000   1200000   1100000   1000000 
  2601000:         0         0      6004      3980      7405      6368      4801      4344      5379      4870      4782      7658      6090      3328      3778     15514 
  2600000:         0         0       201       169       323       264       146       172       200       173       191       322       266       155       202       902 
  2500000:      8616       343         0       938      1392      1322       975       998      1199      1067      1075      1632      1239       639       647       585 
  2400000:      6378       290      1015         0      1780      1736      1110      1232      1534      1369      1300      2075      1523       939       834       766 
  2300000:      8124       344      1642      2241         0      2928      2012      2154      2747      2466      2427      3841      2957      1881      1955      2894 
  2100000:      6026       256      1212      1585      2735         0      1940      2029      2490      2257      2404      3757      3135      2071      2221      3427 
  2000000:      6262       139       885       966      1881      1832         0      1414      1795      1616      1638      2640      2253      1504      1740     48484 
  1900000:      3841       148       858      1129      1926      1925      1354         0      1764      1657      1640      2737      2480      1678      1940      2924 
  1800000:      4510       148      1118      1357      2475      2291      1556      1667         0      1988      1902      3280      3006      2205      2574      4005 
  1700000:      4015       139       988      1182      2110      1992      1405      1512      1787         0      1662      2863      2662      1915      2446      3957 
  1600000:      3788       129       965      1194      2027      1916      1364      1451      1833      1576         0      2794      2690      1983      2572      4283 
  1500000:      6219       243      1526      1921      3355      3205      2343      2430      3002      2595      2635         0      4386      3354      4403      7867 
  1300000:      5271       300      1435      1655      2956      2785      2021      2165      2665      2361      2384      4054         0      3164      4299      7797 
  1200000:      3812       242       949      1169      2077      2076      1498      1519      1905      1579      1647      3028      2821         0      3212      9002 
  1100000:      6107       389      1257      1438      2815      2576      1925      1950      2336      2004      1993      3348      3482      2955         0     14176 
  1000000:     11331       576      2612      2957      5356      4329     50599      2964      3446      3057      2885      5455      6322      8765     15928         0 
