   From  :    To
         :   2601000   2600000   2500000   2400000   2300000   2100000   2000000   1900000   1800000   1700000   1600000   1500000   1300000   1200000   1100000   1000000 
  2601000:         0         0        61        41       112       161        45        53        70        67        66       145       124        61        80      1379 
  2600000:         0         0         0         0         0         0         0         0         0         0         0         0         0         0         0      2270 
  2500000:       156         0         0        13        10        14        14         6        11         9         8        13        12         2        10        88 
  2400000:       121         0        13         0         8         8         4         6         5         7         5        13         9         8         9        78 
  2300000:       123         2         3         7         0         7         6         5         9         6         8        14        10        13        18       206 
  2100000:       124         0        11         5         6         0        10         8         8         5         4        16        11         6         8       141 
  2000000:        51         0         3         3         7         5         0         2         2         0         1         3         6         0         8       108 
  1900000:        33         0         2         3         8         2         2         0         4         2         1         6         3         5         4        80 
  1800000:        42         0         2         2         4         2         3         3         0         6         1         5         2         6        12       119 
  1700000:        29         0         5         1         8         0         2         1         1         0         2        10         7         6         8       103 
  1600000:        22         0         3         7         5         2         1         1         5         0         0         7         6         6        10       108 
  1500000:        42         0         7         6         8         4         5         2         4         2         4         0        10        10        16       245 
  1300000:        31         0         4         4         7         8         4         3         8        10         7         7         0         8        12       272 
  1200000:        46         0         3         5         8         9         1         2         4         3         4        17         8         0        12       180 
  1100000:       108         0        12         9         7        10         6         6         5         5         2        10        13         8         0       376 
  1000000:      1536      2268       237       188       240       131        96        57        73        61        70        99       164       163       370         0 
