   From  :    To
         :   2601000   2600000   2500000   2400000   2300000   2100000   2000000   1900000   1800000   1700000   1600000   1500000   1300000   1200000   1100000   1000000 
  2601000:         0         0      2200      1415      2508      5300      2969      1058      1311      1314      1545      2581      2166      1250      1593    107274 
  2600000:         0         0         0         0         0         0         2         0         0         0         0         1         0         0         0      2273 
  2500000:      3777         0         0       267        78        52        36        25        38        39        32        48        46        30        54       299 
  2400000:      2770         0       119         0        52        45        28        30        28        27        31        41        34        36        44       316 
  2300000:      2765         6       120        88         0        57        39        30        43        37        38        74        55        54       104      1570 
  2100000:      4956         0       204        49        65         0        48        35        41        30        41        81        80        56       115      1836 
  2000000:     12748         0        28        23        43        33         0        22        25        11        14        27        37        19        71     44838 
  1900000:       804         0        35        23        32        32        18         0        25        19        10        37        42        30        65      1105 
  1800000:       849         0        34        20        28        42        19        23         0        28        23        56        56        34       104      1414 
  1700000:       743         0        28        14        31        31        23        11        28         0        23        47        50        34        85      1406 
  1600000:       768         0        27        28        30        26        18        13        38        29         0        39        64        38        85      1683 
  1500000:      1278         0        44        34        59        39        33        37        48        45        50         0       122        89       148      3012 
  1300000:      1460         0        49        17        55        67        32        34        53        57        57       105         0        83       168      2962 
  1200000:      1395         0        51        34        39        48        22        31        50        32        41        79        93         0       152      2367 
  1100000:      2834         0       124        68        87        94        56        48        72        65        78       114       147       130         0      6464 
  1000000:     97336      2270      1758      1521      1973      1771     54596       880       930       821       903      1708      2207      2551      7593         0 
