   From  :    To
         :   2601000   2600000   2500000   2400000   2300000   2100000   2000000   1900000   1800000   1700000   1600000   1500000   1300000   1200000   1100000   1000000 
  2601000:         0         0      2121      1384      2419      5201      2953      1042      1294      1296      1523      2511      2105      1208      1565    106825 
  2600000:         0         0         0         0         0         0         2         0         0         0         0         1         0         0         0      2273 
  2500000:      3653         0         0       250        77        51        35        25        38        39        32        47        46        29        53       298 
  2400000:      2688         0       115         0        52        45        28        29        28        24        31        41        33        36        43       309 
  2300000:      2707         6       117        88         0        56        39        30        43        37        38        74        55        54       102      1491 
  2100000:      4882         0       200        46        65         0        47        35        40        30        41        81        80        56       113      1765 
  2000000:     12710         0        28        23        43        33         0        22        25        11        14        27        37        19        69     44827 
  1900000:       770         0        34        23        32        32        18         0        24        19        10        37        42        29        65      1093 
  1800000:       807         0        33        20        27        42        19        23         0        28        23        56        56        34       104      1400 
  1700000:       696         0        26        14        31        31        23        11        28         0        23        47        49        33        85      1393 
  1600000:       732         0        25        28        30        26        18        13        38        29         0        39        63        38        85      1664 
  1500000:      1192         0        41        34        59        38        33        37        48        45        50         0       121        88       146      2952 
  1300000:      1352         0        44        17        52        65        32        34        53        56        57       105         0        83       167      2902 
  1200000:      1283         0        45        34        39        48        22        31        50        32        41        79        91         0       150      2315 
  1100000:      2739         0       120        67        86        94        56        48        71        63        78       114       143       129         0      6278 
  1000000:     97235      2270      1724      1474      1925      1719     54563       848       892       781       867      1625      2098      2424      7339         0 
