   From  :    To
         :   2601000   2600000   2500000   2400000   2300000   2100000   2000000   1900000   1800000   1700000   1600000   1500000   1300000   1200000   1100000   1000000 
  2601000:         0         0      9045      5109      9675      7951      5806      5505      6726      6225      6244     10326      8267      4546      5295     25371 
  2600000:         0         0       201       169       323       264       146       172       200       173       191       322       266       155       202       902 
  2500000:     13192       343         0      1074      1450      1375      1005      1025      1232      1094      1107      1714      1304       669       691       762 
  2400000:      9054       290      1082         0      1827      1773      1137      1256      1564      1397      1328      2129      1576       972       866       978 
  2300000:     11308       344      1770      2343         0      2987      2059      2196      2805      2529      2481      3927      3029      1941      2086      4069 
  2100000:      7816       256      1304      1665      2808         0      1971      2081      2529      2290      2432      3822      3206      2101      2354      4599 
  2000000:      7299       139       947      1006      1930      1863         0      1452      1815      1645      1669      2686      2300      1536      1821     49284 
  1900000:      4866       148       924      1168      1988      1966      1374         0      1782      1675      1660      2778      2524      1715      2024      3885 
  1800000:      5495       148      1207      1417      2535      2338      1588      1697         0      2011      1936      3340      3059      2269      2690      5180 
  1700000:      4889       139      1067      1231      2170      2036      1430      1525      1822         0      1682      2914      2723      1979      2559      5127 
  1600000:      4593       129      1056      1260      2081      1963      1396      1470      1863      1601         0      2862      2794      2229      2807      5713 
  1500000:      7772       243      1645      2017      3464      3290      2392      2484      3060      2655      2706         0      4652      4172      4984     10814 
  1300000:      6904       300      1566      1755      3057      2859      2070      2216      2728      2423      2451      4572         0      8902      6579     14941 
  1200000:      5338       242      1057      1251      2194      2143      1538      1562      1970      1640      1855      3770      7825         0      6634     16204 
  1100000:      9227       389      1420      1628      3099      2751      2039      2059      2456      2102      2251      3857      6546      6437         0     21679 
  1000000:     18337       576      3746      4136      7273      5675     51441      3777      4358      3833      3824      7331     13252     15600     26348         0 
