   From  :    To
         :   2601000   2600000   2500000   2400000   2300000   2100000   2000000   1900000   1800000   1700000   1600000   1500000   1300000   1200000   1100000   1000000 
  2601000:         0         0      9339      5213      9872      8098      5898      5597      6836      6355      6382     10538      8426      4653      5428     26262 
  2600000:         0         0       201       169       323       264       146       172       200       173       191       322       266       155       202       902 
  2500000:     13612       343         0      1083      1455      1376      1007      1028      1236      1096      1108      1716      1307       672       695       784 
  2400000:      9300       290      1084         0      1832      1779      1137      1259      1565      1401      1328      2132      1576       973       872      1000 
  2300000:     11615       344      1777      2355         0      2990      2063      2202      2807      2531      2482      3930      3037      1944      2093      4159 
  2100000:      7986       256      1314      1670      2815         0      1975      2082      2534      2293      2434      3826      3210      2105      2362      4694 
  2000000:      7385       139       947      1011      1936      1865         0      1453      1817      1648      1673      2689      2304      1537      1825     49350 
  1900000:      4953       148       930      1171      1991      1969      1374         0      1786      1676      1660      2783      2525      1715      2028      3962 
  1800000:      5586       148      1212      1423      2540      2341      1589      1698         0      2011      1941      3345      3062      2271      2697      5279 
  1700000:      4962       139      1073      1233      2177      2041      1431      1525      1824         0      1683      2920      2727      1979      2570      5229 
  1600000:      4650       129      1060      1264      2084      1965      1399      1471      1863      1602         0      2865      2796      2233      2817      5844 
  1500000:      7912       243      1659      2026      3472      3297      2396      2485      3064      2659      2708         0      4659      4178      4998     11009 
  1300000:      7033       300      1579      1765      3066      2864      2072      2222      2735      2427      2454      4581         0      8912      6592     15129 
  1200000:      5467       242      1061      1256      2201      2147      1540      1563      1976      1642      1859      3777      7832         0      6649     16359 
  1100000:      9496       389      1441      1645      3123      2767      2043      2064      2463      2111      2259      3869      6561      6451         0     22137 
  1000000:     18939       576      3841      4244      7442      5793     51509      3850      4437      3888      3880      7472     13443     15793     26991         0 
