   From  :    To
         :   2601000   2600000   2500000   2400000   2300000   2100000   2000000   1900000   1800000   1700000   1600000   1500000   1300000   1200000   1100000   1000000 
  2601000:         0         0      1869      1204      2101      4628       965       913      1135      1145      1307      2144      1812      1022      1349     83026 
  2600000:         0         0         0         0         0         0         1         0         0         0         0         1         0         0         0      2272 
  2500000:      3210         0         0       217        70        45        31        19        30        36        26        45        43        21        44       269 
  2400000:      2335         0       107         0        49        42        20        24        26        22        28        36        27        25        38       270 
  2300000:      2373         5        99        78         0        49        32        27        36        36        36        64        48        50        85      1265 
  2100000:      4351         0       176        40        53         0        42        33        34        29        35        66        71        47        96      1413 
  2000000:       820         0        26        22        37        25         0        18        17         7        13        25        31        17        64       947 
  1900000:       658         0        29        18        30        24        16         0        21        17         9        32        34        22        55       951 
  1800000:       685         0        26        18        21        32        15        18         0        20        18        46        45        30        87      1217 
  1700000:       591         0        23        13        26        23        19         9        19         0        16        38        44        27        75      1236 
  1600000:       629         0        22        27        24        22        16        11        27        22         0        30        46        34        69      1423 
  1500000:       991         0        34        29        47        35        25        32        40        33        43         0       101        67       125      2462 
  1300000:      1093         0        41        13        45        57        27        30        40        50        46        80         0        61       143      2441 
  1200000:      1046         0        40        28        30        42        19        26        35        25        35        61        75         0       120      1884 
  1100000:      2322         0       107        58        71        81        49        43        61        53        64        92       120        99         0      5081 
  1000000:     83515      2269      1507      1284      1679      1381       792       713       757       664       726      1304      1670      1944      5951         0 
