   From  :    To
         :   2601000   2600000   2500000   2400000   2300000   2100000   2000000   1900000   1800000   1700000   1600000   1500000   1300000   1200000   1100000   1000000 
  2601000:         0         0      1815      1147      2012      4503       922       861      1078      1092      1243      2020      1731       977      1285     82475 
  2600000:         0         0         0         0         0         0         1         0         0         0         0         1         0         0         0      2272 
  2500000:      3118         0         0       206        67        44        30        17        30        33        24        44        43        19        40       258 
  2400000:      2246         0       103         0        48        38        19        21        26        22        26        35        26        25        36       258 
  2300000:      2261         5        96        77         0        45        30        25        35        30        35        61        46        49        79      1211 
  2100000:      4224         0       171        38        48         0        37        32        30        29        29        66        65        45        88      1350 
  2000000:       751         0        24        21        35        24         0        18        16         6        12        23        28        15        59       912 
  1900000:       612         0        26        18        27        23        16         0        19        17         9        30        32        20        50       904 
  1800000:       643         0        25        17        19        30        13        16         0        20        16        45        44        28        85      1163 
  1700000:       545         0        22        11        24        19        17         9        17         0        16        36        41        27        74      1192 
  1600000:       584         0        21        25        19        22        13         9        26        20         0        27        42        32        65      1360 
  1500000:       907         0        31        28        42        31        23        30        37        32        40         0        95        63       120      2343 
  1300000:      1009         0        35        12        43        54        25        28        39        50        45        77         0        59       139      2334 
  1200000:       960         0        40        26        29        38        16        25        29        23        33        56        70         0       110      1814 
  1100000:      2179         0        96        53        62        73        41        40        60        50        57        84       109        91         0      4878 
  1000000:     83121      2269      1468      1250      1610      1308       741       672       722       626       680      1217      1577      1819      5643         0 
