   From  :    To
         :   2601000   2600000   2500000   2400000   2300000   2100000   2000000   1900000   1800000   1700000   1600000   1500000   1300000   1200000   1100000   1000000 
  2601000:         0         0     14812      4860      8781     17208     12051      2882      3661      3520      3891      6615      5595      3360      4040    122660 
  2600000:         0         0         0         0         0         0         2         0         0         0         0         1         0         0         0      2273 
  2500000:     19462         0         0       530       139       115        54        51        61        78        65       103       104        68       102       436 
  2400000:      7822         0       441         0        95        84        53        57        51        59        64        85        68        70        77       524 
  2300000:      8856         6       687       332         0       135        68        78       134       140       102       158       146       135       263      3277 
  2100000:     15987         0      1050       141       147         0       106       125       134        96        90       163       181       118       260      3726 
  2000000:     26754         0        99        54        90        95         0        74        63        41        51        84        89        61       168     97164 
  1900000:      2329         0        86        68        92       114        61         0        58        46        61       106       105        67       167      2362 
  1800000:      2572         0       102        78       144       147        54        68         0        67        65       134       115        87       224      3085 
  1700000:      2325         0        83        62       130       102        55        47        66         0        70       110       111        92       217      2980 
  1600000:      2356         0        99        91       124        73        48        39        65        68         0       121       150       109       223      3374 
  1500000:      4267         0       167       122       166       145        82        82       115        95       114         0       286       202       391      5977 
  1300000:      4433         0       139        65       147       157        91        87       123       125       132       244         0       200       416      5694 
  1200000:      3791         0       129        85       104       111        63        80        95        91       102       186       209         0       337      4490 
  1100000:      6466         0       266       177       251       229       132       125       148       163       167       284       320       290         0     11613 
  1000000:    106515      2270      3208      2885      4107      3609    111967      1927      2168      1861      1966      3817      4574      5014     13746         0 
