   From  :    To
         :   2601000   2600000   2500000   2400000   2300000   2100000   2000000   1900000   1800000   1700000   1600000   1500000   1300000   1200000   1100000   1000000 
  2601000:         0         0     14520      4726      8594     16710     11986      2829      3578      3446      3811      6487      5473      3310      3981    122150 
  2600000:         0         0         0         0         0         0         2         0         0         0         0         1         0         0         0      2273 
  2500000:     19054         0         0       515       139       114        54        51        61        78        64       102       102        67       101       431 
  2400000:      7587         0       431         0        94        83        53        54        50        58        64        85        67        70        76       518 
  2300000:      8630         6       676       327         0       133        68        78       134       140       102       154       146       135       259      3217 
  2100000:     15508         0      1020       138       142         0       105       123       133        96        90       163       181       118       258      3664 
  2000000:     26713         0        97        54        89        93         0        73        63        41        51        83        88        60       167     97110 
  1900000:      2289         0        86        68        90       113        61         0        57        46        61       104       105        67       165      2316 
  1800000:      2531         0       102        77       142       147        53        68         0        67        64       134       115        86       220      3012 
  1700000:      2300         0        83        61       130       102        55        46        66         0        70       109       111        92       217      2913 
  1600000:      2345         0        98        91       124        72        48        38        65        68         0       121       149       109       219      3305 
  1500000:      4230         0       166       121       165       145        81        82       115        95       114         0       286       201       387      5855 
  1300000:      4399         0       139        65       145       154        91        86       123       125       132       243         0       200       415      5575 
  1200000:      3755         0       129        84       101       109        62        80        95        91       101       186       209         0       335      4434 
  1100000:      6373         0       264       174       250       228       131       124       147       161       167       283       320       289         0     11476 
  1000000:    105886      2270      3122      2789      4000      3536    111932      1896      2131      1843      1961      3788      4540      4967     13587         0 
