   From  :    To
         :   2601000   2600000   2500000   2400000   2300000   2100000   2000000   1900000   1800000   1700000   1600000   1500000   1300000   1200000   1100000   1000000 
  2601000:         0         0        82        48       125       173        51        59        82        78        75       166       148        76        99      1796 
  2600000:         0         0         0         0         0         0         0         0         0         0         0         1         0         0         0      2270 
  2500000:       192         0         0        15        10        14        14         6        11        10         9        14        14         4        12       107 
  2400000:       146         0        14         0        10        15         5         7         7         9         8        16        11         9         9        98 
  2300000:       157         3         5         8         0        13         9         5        10         7        10        16        13        18        21       250 
  2100000:       152         0        12         6        13         0        13         9        11         5         6        20        15         8        11       171 
  2000000:        64         0         5         3        12         7         0         2         4         0         2         4        11         2        11       126 
  1900000:        46         0         3         3         9         5         3         0         7         2         1         8         4         6         8       103 
  1800000:        48         0         2         4         5         3         5         4         0         6         3        11         5         9        18       166 
  1700000:        43         0         5         1         8         1         4         2         1         0         4        10         7         6        13       143 
  1600000:        28         0         3        11         6         4         4         2         9         2         0         8         9         9        11       141 
  1500000:        61         0         7        11        12         5         6         6         4         2         5         0        20        17        22       330 
  1300000:        40         0         5         4        12        10         6         4        10        12         9        14         0        13        20       389 
  1200000:        56         0         4         5         8        12         2         4         8         7         7        22        16         0        21       292 
  1100000:       139         0        14        12        10        14         8        10        11         9         8        18        23        12         0       673 
  1000000:      1885      2268       271       233       305       176       123        88       114        99       100       180       252       275       685         0 
