   From  :    To
         :   2601000   2600000   2500000   2400000   2300000   2100000   2000000   1900000   1800000   1700000   1600000   1500000   1300000   1200000   1100000   1000000 
  2601000:         0         0      1223       665      1115      2110       501       503       642       638       724      1205      1030       594       773     67949 
  2600000:         0         0         0         0         0         0         1         0         0         0         0         1         0         0         0      2272 
  2500000:      1985         0         0       110        49        34        24        13        27        26        20        35        37        15        30       212 
  2400000:      1304         0        66         0        30        30        16        17        20        19        25        31        23        21        27       210 
  2300000:      1240         5        57        46         0        32        23        19        29        25        27        46        40        43        63       844 
  2100000:      1939         0        90        20        40         0        27        22        22        19        22        51        39        31        58       892 
  2000000:       380         0        18        14        31        17         0        16        10         4         9        17        22        11        42       590 
  1900000:       340         0        17        16        25        16        13         0        16        12         5        26        24        15        40       550 
  1800000:       378         0        13        12        14        24        11        12         0        14         8        34        31        19        58       748 
  1700000:       322         0        17         8        22        11        11         7         9         0        11        28        35        19        54       739 
  1600000:       343         0        14        23        17        15         9         8        21        15         0        22        30        24        46       843 
  1500000:       561         0        25        26        28        22        19        25        24        21        32         0        71        46        79      1516 
  1300000:       605         0        20        10        26        34        22        25        32        36        34        63         0        49        97      1567 
  1200000:       613         0        26        21        22        36        14        18        20        16        24        44        55         0        84      1273 
  1100000:      1354         0        65        42        46        54        32        27        41        35        36        61        83        72         0      3361 
  1000000:     68307      2269       966       826      1074       837       458       403       463       413       453       831      1100      1307      3858         0 
