   From  :    To
         :   2601000   2600000   2500000   2400000   2300000   2100000   2000000   1900000   1800000   1700000   1600000   1500000   1300000   1200000   1100000   1000000 
  2601000:         0         0      1311       739      1265      2446       543       550       693       701       792      1325      1120       641       832     68507 
  2600000:         0         0         0         0         0         0         1         0         0         0         0         1         0         0         0      2272 
  2500000:      2143         0         0       126        50        34        24        16        27        27        20        37        39        16        32       218 
  2400000:      1451         0        71         0        30        31        16        17        20        20        25        32        25        21        28       210 
  2300000:      1382         5        63        55         0        33        23        19        30        25        27        48        40        43        65       892 
  2100000:      2246         0        94        22        40         0        27        22        24        21        22        53        40        35        60       953 
  2000000:       419         0        18        15        31        17         0        16        10         4        10        17        22        12        45       624 
  1900000:       364         0        17        16        25        16        13         0        16        12         5        26        25        15        40       597 
  1800000:       401         0        14        13        14        24        11        12         0        14         9        34        31        19        64       792 
  1700000:       336         0        17         8        22        11        11         7        10         0        11        28        37        20        56       801 
  1600000:       360         0        14        23        17        16         9         8        21        15         0        22        31        24        50       907 
  1500000:       596         0        27        26        30        23        19        25        25        21        32         0        73        46        82      1634 
  1300000:       649         0        20        10        28        35        22        25        32        36        34        63         0        50        98      1661 
  1200000:       676         0        27        21        22        36        14        18        20        16        25        45        55         0        88      1328 
  1100000:      1522         0        69        43        48        55        33        28        41        35        37        63        83        73         0      3505 
  1000000:     68919      2269      1047       880      1128       882       494       424       483       428       468       865      1142      1376      4095         0 
