   From  :    To
         :   2601000   2600000   2500000   2400000   2300000   2100000   2000000   1900000   1800000   1700000   1600000   1500000   1300000   1200000   1100000   1000000 
  2601000:         0         0     10283      5531     10593      8584      6213      5930      7222      6736      6772     11276      9043      5048      5935     28746 
  2600000:         0         0       201       169       323       264       146       172       200       173       191       322       266       155       202       902 
  2500000:     14865       343         0      1100      1463      1385      1010      1033      1248      1101      1114      1737      1323       684       701       829 
  2400000:     10000       290      1095         0      1845      1790      1149      1264      1569      1408      1333      2148      1589       979       884      1045 
  2300000:     12495       344      1799      2372         0      3008      2069      2224      2823      2549      2488      3956      3063      1960      2141      4501 
  2100000:      8481       256      1336      1685      2829         0      1990      2091      2548      2302      2442      3856      3232      2121      2400      5029 
  2000000:      7731       139       961      1026      1949      1876         0      1460      1829      1656      1684      2701      2319      1551      1855     49549 
  1900000:      5232       148       950      1181      2003      1987      1380         0      1798      1683      1670      2795      2545      1727      2049      4189 
  1800000:      5893       148      1236      1445      2551      2352      1601      1708         0      2020      1950      3361      3086      2288      2718      5583 
  1700000:      5256       139      1091      1251      2187      2056      1439      1535      1830         0      1692      2939      2747      1992      2600      5529 
  1600000:      4907       129      1077      1277      2097      1977      1404      1476      1868      1609         0      2885      2818      2246      2859      6175 
  1500000:      8455       243      1685      2062      3514      3321      2411      2507      3081      2670      2728         0      4703      4212      5070     11671 
  1300000:      7609       300      1612      1801      3093      2889      2089      2240      2754      2450      2481      4622         0      8943      6675     15798 
  1200000:      5983       242      1079      1280      2230      2163      1549      1581      1995      1658      1876      3817      7879         0      6729     16977 
  1100000:     10447       389      1486      1697      3195      2807      2076      2091      2502      2143      2296      3944      6623      6515         0     23925 
  1000000:     20557       576      4045      4511      7920      6139     51760      4025      4673      4125      4087      7974     14120     16617     29318         0 
