   From  :    To
         :   2601000   2600000   2500000   2400000   2300000   2100000   2000000   1900000   1800000   1700000   1600000   1500000   1300000   1200000   1100000   1000000 
  2601000:         0         0     10663      5629     10775      8690      6298      6017      7323      6822      6862     11446      9191      5121      6036     29342 
  2600000:         0         0       201       169       323       264       146       172       200       173       191       322       266       155       202       902 
  2500000:     15366       343         0      1101      1466      1388      1010      1035      1250      1104      1118      1740      1325       685       703       836 
  2400000:     10199       290      1103         0      1846      1791      1150      1265      1573      1409      1333      2150      1591       980       884      1057 
  2300000:     12721       344      1803      2380         0      3013      2072      2229      2825      2550      2492      3961      3066      1963      2147      4566 
  2100000:      8602       256      1340      1688      2831         0      1992      2093      2549      2305      2444      3858      3233      2122      2405      5100 
  2000000:      7805       139       966      1029      1949      1877         0      1460      1832      1656      1686      2702      2319      1554      1862     49600 
  1900000:      5300       148       956      1187      2005      1990      1382         0      1799      1683      1670      2795      2546      1729      2051      4248 
  1800000:      5958       148      1244      1452      2557      2356      1601      1711         0      2022      1952      3363      3086      2289      2727      5655 
  1700000:      5323       139      1098      1256      2191      2058      1439      1535      1833         0      1692      2941      2748      1993      2604      5593 
  1600000:      4960       129      1085      1287      2101      1978      1406      1477      1871      1609         0      2885      2819      2248      2865      6250 
  1500000:      8563       243      1696      2065      3519      3326      2413      2509      3083      2672      2732         0      4712      4216      5084     11823 
  1300000:      7728       300      1624      1806      3101      2896      2093      2244      2760      2454      2483      4626         0      8949      6683     15949 
  1200000:      6065       242      1085      1282      2234      2165      1552      1581      1996      1661      1877      3820      7883         0      6744     17086 
  1100000:     10655       389      1498      1705      3214      2821      2083      2095      2509      2150      2302      3960      6635      6527         0     24269 
  1000000:     20969       576      4108      4585      8020      6205     51799      4066      4718      4173      4136      8087     14276     16742     29815         0 
