   From  :    To
         :   2601000   2600000   2500000   2400000   2300000   2100000   2000000   1900000   1800000   1700000   1600000   1500000   1300000   1200000   1100000   1000000 
  2601000:         0         0      1806      1143      2004      4501       919       855      1077      1091      1239      2017      1727       977      1285     81579 
  2600000:         0         0         0         0         0         0         1         0         0         0         0         1         0         0         0      2272 
  2500000:      3108         0         0       206        66        43        30        17        29        33        22        42        43        19        39       256 
  2400000:      2243         0       102         0        47        38        19        20        26        22        26        34        26        25        34       257 
  2300000:      2256         5        94        77         0        44        29        24        35        30        33        60        45        47        78      1210 
  2100000:      4218         0       171        38        47         0        37        32        30        29        29        65        63        44        86      1346 
  2000000:       748         0        23        21        35        24         0        18        16         6        12        22        28        14        59       910 
  1900000:       608         0        25        18        27        23        16         0        18        17         8        28        31        20        49       895 
  1800000:       637         0        25        16        19        30        13        16         0        20        15        45        42        27        85      1161 
  1700000:       543         0        22        11        24        19        17         8        17         0        16        34        40        27        74      1192 
  1600000:       580         0        21        25        19        20        12         9        26        19         0        27        41        31        64      1353 
  1500000:       906         0        30        28        40        30        23        29        36        32        39         0        92        57       119      2332 
  1300000:      1006         0        33        12        42        52        24        27        38        49        41        75         0        58       136      2327 
  1200000:       959         0        39        25        27        38        16        24        29        22        32        55        69         0       108      1804 
  1100000:      2178         0        95        52        61        73        41        40        59        49        56        81       105        89         0      4857 
  1000000:     82229      2269      1467      1247      1609      1300       739       664       715       625       679      1207      1568      1812      5620         0 
