   From  :    To
         :   2601000   2600000   2500000   2400000   2300000   2100000   2000000   1900000   1800000   1700000   1600000   1500000   1300000   1200000   1100000   1000000 
  2601000:         0         0      6656      4356      8183      7036      5226      4839      5931      5502      5478      8904      7069      3806      4447     20388 
  2600000:         0         0       201       169       323       264       146       172       200       173       191       322       266       155       202       902 
  2500000:      9961       343         0      1016      1427      1352       992      1015      1217      1084      1092      1681      1274       651       674       699 
  2400000:      7393       290      1053         0      1809      1757      1126      1247      1548      1388      1319      2112      1562       957       851       886 
  2300000:      9407       344      1708      2291         0      2960      2033      2174      2775      2510      2461      3899      3004      1916      2023      3446 
  2100000:      6845       256      1250      1618      2781         0      1959      2062      2513      2272      2416      3800      3179      2085      2301      3980 
  2000000:      6741       139       910       980      1904      1853         0      1432      1805      1630      1658      2664      2274      1527      1778     48855 
  1900000:      4322       148       883      1143      1963      1954      1362         0      1771      1666      1651      2766      2499      1702      1975      3386 
  1800000:      4976       148      1155      1384      2509      2311      1576      1685         0      2000      1919      3311      3028      2244      2634      4537 
  1700000:      4415       139      1027      1212      2150      2018      1414      1518      1808         0      1675      2888      2705      1943      2499      4553 
  1600000:      4146       129      1010      1223      2053      1944      1376      1461      1849      1589         0      2831      2732      2010      2633      4995 
  1500000:      6932       243      1583      1965      3411      3246      2366      2465      3035      2627      2671         0      4450      3419      4530      9178 
  1300000:      6037       300      1495      1696      3012      2825      2049      2185      2703      2402      2420      4105         0      3226      4427      9019 
  1200000:      4476       242       998      1207      2143      2114      1524      1544      1935      1613      1689      3091      2888         0      3345      9974 
  1100000:      7593       389      1346      1521      2965      2676      1973      2009      2407      2047      2067      3467      3585      3056         0     16938 
  1000000:     14576       576      3203      3517      6318      5007     51028      3383      3920      3461      3274      6280      7386     10086     19720         0 
