   From  :    To
         :   2601000   2600000   2500000   2400000   2300000   2100000   2000000   1900000   1800000   1700000   1600000   1500000   1300000   1200000   1100000   1000000 
  2601000:         0         0      6972      4467      8407      7189      5338      4937      6064      5636      5601      9133      7294      3918      4610     21071 
  2600000:         0         0       201       169       323       264       146       172       200       173       191       322       266       155       202       902 
  2500000:     10415       343         0      1026      1432      1356       992      1017      1220      1087      1097      1688      1283       654       677       710 
  2400000:      7680       290      1055         0      1811      1758      1128      1248      1550      1389      1322      2115      1562       959       853       902 
  2300000:      9678       344      1716      2299         0      2964      2039      2179      2778      2512      2464      3903      3005      1921      2037      3562 
  2100000:      6997       256      1257      1623      2784         0      1962      2063      2513      2275      2417      3804      3183      2088      2310      4091 
  2000000:      6843       139       915       983      1906      1853         0      1434      1808      1632      1658      2667      2279      1527      1789     48938 
  1900000:      4405       148       892      1145      1966      1956      1364         0      1773      1667      1652      2766      2505      1704      1984      3451 
  1800000:      5062       148      1166      1387      2511      2312      1579      1686         0      2002      1921      3313      3032      2249      2645      4644 
  1700000:      4494       139      1035      1216      2152      2020      1417      1518      1808         0      1675      2893      2709      1946      2507      4651 
  1600000:      4216       129      1018      1232      2058      1949      1379      1462      1849      1589         0      2832      2737      2013      2646      5095 
  1500000:      7066       243      1593      1976      3417      3251      2371      2469      3036      2631      2676         0      4457      3425      4545      9367 
  1300000:      6176       300      1508      1710      3019      2829      2050      2191      2706      2405      2426      4108         0      3233      4445      9243 
  1200000:      4612       242      1006      1215      2152      2118      1526      1548      1938      1613      1692      3094      2896         0      3359     10094 
  1100000:      7827       389      1357      1538      2992      2689      1981      2015      2412      2053      2078      3477      3596      3069         0     17362 
  1000000:     15165       576      3306      3636      6471      5115     51099      3439      4002      3516      3334      6408      7545     10244     20226         0 
