   From  :    To
         :   2601000   2600000   2500000   2400000   2300000   2100000   2000000   1900000   1800000   1700000   1600000   1500000   1300000   1200000   1100000   1000000 
  2601000:         0         0       804       374       709      1413       342       340       421       426       496       827       679       405       532     65558 
  2600000:         0         0         0         0         0         0         1         0         0         0         0         1         0         0         0      2272 
  2500000:      1318         0         0        60        19        20        18         8        19        13        12        22        20         7        20       144 
  2400000:       802         0        47         0        15        20         9        10        11        12        13        23        13        14        14       138 
  2300000:       806         5        35        24         0        18        11        10        19        13        17        25        19        24        37       560 
  2100000:      1295         0        56        15        26         0        17        15        17        13        11        22        21        16        30       533 
  2000000:       276         0        11         7        20        10         0         6         5         2         4         7        16         3        24       376 
  1900000:       229         0        10        10        15        10         8         0         7         7         3        13        10         8        27       351 
  1800000:       257         0         8        10         9         8         7         9         0         9         4        20        15        13        39       487 
  1700000:       236         0        11         6        16         1         9         6         5         0         6        16        15        10        35       464 
  1600000:       238         0        11        16        11         7         7         5        13         6         0        13        15        12        30       527 
  1500000:       410         0        16        20        18        13        11         9        13         6        15         0        37        30        55       950 
  1300000:       409         0        13        10        15        25        10         9        15        21        14        28         0        26        51       987 
  1200000:       424         0        20        13        14        20        10         9        13         9        13        25        30         0        46       831 
  1100000:       849         0        38        24        24        30        13        17        23        19        19        33        43        35         0      2267 
  1000000:     65776      2269       620       552       712       492       294       255       314       280       284       528       700       874      2494         0 
