   From  :    To
         :   2601000   2600000   2500000   2400000   2300000   2100000   2000000   1900000   1800000   1700000   1600000   1500000   1300000   1200000   1100000   1000000 
  2601000:         0         0       587       313       609      1163       296       286       358       357       417       682       587       346       453     65082 
  2600000:         0         0         0         0         0         0         1         0         0         0         0         1         0         0         0      2272 
  2500000:      1005         0         0        45        18        19        18         8        19        13        12        21        20         7        19       141 
  2400000:       676         0        43         0        14        20         8        10        11        12        13        23        13        14        14       135 
  2300000:       695         5        30        21         0        17        11        10        19        13        17        25        19        23        36       508 
  2100000:      1066         0        42        14        25         0        17        15        17        12        10        22        21        15        26       470 
  2000000:       232         0        10         7        20        10         0         5         5         2         4         7        16         3        23       344 
  1900000:       211         0        10         9        14         8         8         0         7         7         1        13        10         7        24       306 
  1800000:       214         0         7        10         8         7         7         9         0         9         4        20        15        13        38       430 
  1700000:       210         0        11         6        15         1         9         6         5         0         6        16        15        10        32       401 
  1600000:       211         0        10        16        10         6         7         5        13         6         0        12        15        12        27       454 
  1500000:       362         0        15        20        17        13        10         9        13         6        15         0        37        30        51       814 
  1300000:       371         0        12        10        15        24        10         9        14        21        13        27         0        26        48       903 
  1200000:       377         0        18        13        13        17        10         8        12         9        13        25        30         0        44       773 
  1100000:       729         0        30        22        21        29        11        16        23        17        19        29        41        33         0      2043 
  1000000:     65176      2269       540       500       650       438       265       239       275       259       260       489       664       823      2228         0 
