   From  :    To
         :   2601000   2600000   2500000   2400000   2300000   2100000   2000000   1900000   1800000   1700000   1600000   1500000   1300000   1200000   1100000   1000000 
  2601000:         0         0      8028      4800      9104      7597      5557      5215      6379      5932      5896      9756      7774      4222      4922     22911 
  2600000:         0         0       201       169       323       264       146       172       200       173       191       322       266       155       202       902 
  2500000:     11848       343         0      1043      1439      1366       999      1022      1226      1091      1104      1701      1296       665       686       738 
  2400000:      8375       290      1068         0      1815      1766      1131      1254      1559      1393      1325      2121      1569       967       857       944 
  2300000:     10575       344      1738      2317         0      2973      2050      2189      2790      2522      2472      3918      3016      1931      2069      3808 
  2100000:      7428       256      1281      1645      2793         0      1966      2070      2522      2286      2424      3816      3197      2090      2337      4334 
  2000000:      7054       139       928       996      1916      1855         0      1442      1809      1642      1664      2678      2290      1533      1809     49097 
  1900000:      4636       148       909      1156      1975      1962      1369         0      1779      1672      1654      2774      2511      1708      2007      3669 
  1800000:      5283       148      1183      1399      2519      2324      1583      1691         0      2005      1931      3325      3048      2257      2673      4890 
  1700000:      4661       139      1054      1220      2157      2026      1422      1521      1816         0      1678      2903      2714      1951      2533      4896 
  1600000:      4385       129      1034      1243      2068      1956      1388      1467      1854      1595         0      2839      2747      2025      2674      5342 
  1500000:      7376       243      1618      1995      3439      3266      2382      2481      3045      2639      2694         0      4478      3448      4591      9902 
  1300000:      6440       300      1532      1731      3039      2846      2057      2202      2717      2413      2430      4139         0      3255      4483      9740 
  1200000:      4887       242      1029      1227      2174      2127      1532      1550      1953      1624      1705      3116      2920         0      3403     10496 
  1100000:      8422       389      1387      1578      3043      2710      2003      2033      2433      2074      2096      3513      3625      3102         0     18523 
  1000000:     16722       576      3577      3915      6908      5407     51267      3620      4177      3630      3482      6676      7873     10676     21685         0 
