   From  :    To
         :   2601000   2600000   2500000   2400000   2300000   2100000   2000000   1900000   1800000   1700000   1600000   1500000   1300000   1200000   1100000   1000000 
  2601000:         0         0      7674      4688      8887      7448      5482      5110      6265      5825      5795      9534      7609      4117      4808     22269 
  2600000:         0         0       201       169       323       264       146       172       200       173       191       322       266       155       202       902 
  2500000:     11367       343         0      1040      1438      1364       998      1022      1225      1089      1100      1694      1294       661       684       728 
  2400000:      8151       290      1065         0      1814      1763      1130      1252      1556      1391      1324      2118      1566       965       856       928 
  2300000:     10308       344      1731      2311         0      2970      2048      2185      2784      2519      2469      3911      3012      1928      2057      3724 
  2100000:      7270       256      1272      1636      2790         0      1964      2069      2519      2283      2420      3812      3191      2089      2329      4255 
  2000000:      6977       139       927       993      1913      1854         0      1441      1808      1641      1663      2676      2287      1531      1802     49046 
  1900000:      4546       148       902      1149      1969      1958      1367         0      1776      1671      1653      2773      2511      1707      2003      3601 
  1800000:      5184       148      1176      1391      2516      2317      1581      1689         0      2004      1928      3320      3040      2255      2662      4815 
  1700000:      4599       139      1047      1217      2156      2026      1420      1520      1814         0      1677      2900      2713      1949      2525      4811 
  1600000:      4327       129      1027      1238      2064      1953      1386      1466      1851      1595         0      2837      2745      2022      2664      5257 
  1500000:      7239       243      1608      1987      3431      3261      2379      2477      3044      2635      2687         0      4472      3440      4582      9717 
  1300000:      6313       300      1526      1723      3032      2836      2054      2199      2716      2410      2429      4128         0      3248      4470      9579 
  1200000:      4752       242      1023      1226      2172      2123      1530      1550      1945      1622      1701      3110      2912         0      3392     10363 
  1100000:      8219       389      1374      1554      3026      2704      1994      2026      2421      2064      2092      3503      3612      3091         0     18154 
  1000000:     16258       576      3494      3847      6770      5314     51219      3556      4102      3591      3432      6564      7733     10505     21187         0 
