   From  :    To
         :   2601000   2600000   2500000   2400000   2300000   2100000   2000000   1900000   1800000   1700000   1600000   1500000   1300000   1200000   1100000   1000000 
  2601000:         0         0         1         0         0         0         0         0         0         0         0         0         0         0         0         1 
  2600000:         0         0      1711      1040      2254      1899      1573      1164      1173      1158      1169      1919      1948      1013      1114     18262 
  2500000:         0      2843         0        99       111        75        51        54        66        40        57        84        73        48        66       206 
  2400000:         0      2138        97         0        90        64        54        51        51        38        53        82        64        48        62       190 
  2300000:         0      3260       152       105         0       128       225        88        85       137        99       152       239        93       166      1764 
  2100000:         0      1970       162       102       111         0       105        92       106        89       105       181       169       116       131      1114 
  2000000:         0      1742        96        61       930        97         0        89        90       201        76       122       208        79       123      1521 
  1900000:         0       903        78        57        91        99        67         0       109        91        78       145       116        91       149       848 
  1800000:         0       909        80        61        89       104        92       105         0       121        93       189       158       114       155      1040 
  1700000:         0       902        65        67       216        91      1278        84        93         0        91       185       417       119       177      2285 
  1600000:         0       743        63        69       103       104        80        88       101        90         0       195       200       130       190      1148 
  1500000:         0      1238       129        84       176       172       129       132       180       185       199         0       455       271       364      2249 
  1300000:         0      1411       122       111       289       154       291       123       172      2071       179       460         0       354       456      4512 
  1200000:         0      1027        80        78       112       111        84        95       115       107       147       298       350         0       482      2345 
  1100000:         0      1737       135       148       217       158       137       108       157       167       178       316       444       434         0      6217 
  1000000:         1     16574       902      1000      1904      1297      1269       649       812      1575       780      1635      5864      2521      6918         0 
