   From  :    To
         :   2601000   2600000   2500000   2400000   2300000   2100000   2000000   1900000   1800000   1700000   1600000   1500000   1300000   1200000   1100000   1000000 
  2601000:         0         0      7649      4678      8881      7443      5478      5110      6263      5824      5791      9527      7602      4113      4805     22261 
  2600000:         0         0       201       169       323       264       146       172       200       173       191       322       266       155       202       902 
  2500000:     11341       343         0      1039      1437      1363       998      1022      1224      1089      1100      1694      1292       661       684       726 
  2400000:      8145       290      1063         0      1812      1762      1130      1252      1556      1391      1324      2118      1566       965       856       927 
  2300000:     10298       344      1731      2311         0      2969      2047      2184      2782      2517      2469      3910      3011      1927      2056      3722 
  2100000:      7265       256      1272      1635      2790         0      1962      2068      2519      2283      2419      3810      3191      2089      2327      4251 
  2000000:      6969       139       927       993      1913      1854         0      1441      1808      1639      1662      2673      2284      1530      1802     49044 
  1900000:      4542       148       902      1149      1967      1958      1367         0      1775      1670      1653      2772      2510      1707      1999      3600 
  1800000:      5180       148      1176      1391      2515      2316      1580      1688         0      2004      1926      3318      3040      2255      2660      4813 
  1700000:      4597       139      1046      1217      2156      2026      1419      1520      1812         0      1676      2899      2711      1949      2524      4806 
  1600000:      4324       129      1027      1238      2064      1953      1385      1464      1851      1595         0      2834      2742      2020      2663      5251 
  1500000:      7233       243      1608      1987      3427      3260      2377      2475      3043      2634      2686         0      4464      3433      4580      9707 
  1300000:      6307       300      1523      1723      3031      2836      2054      2198      2716      2409      2429      4120         0      3241      4466      9567 
  1200000:      4750       242      1021      1226      2170      2122      1529      1549      1942      1621      1696      3109      2907         0      3387     10352 
  1100000:      8219       389      1374      1554      3025      2702      1992      2024      2419      2061      2091      3500      3610      3084         0     18128 
  1000000:     16254       576      3493      3847      6767      5309     51214      3552      4100      3587      3427      6551      7724     10494     21161         0 
