   From  :    To
         :   2601000   2600000   2500000   2400000   2300000   2100000   2000000   1900000   1800000   1700000   1600000   1500000   1300000   1200000   1100000   1000000 
  2601000:         0         0      7242      4577      8722      7351      5413      5040      6181      5751      5725      9366      7507      4047      4744     21733 
  2600000:         0         0       201       169       323       264       146       172       200       173       191       322       266       155       202       902 
  2500000:     10809       343         0      1035      1434      1361       998      1018      1223      1089      1099      1691      1290       658       682       722 
  2400000:      7927       290      1061         0      1812      1761      1130      1250      1556      1391      1324      2118      1566       965       855       919 
  2300000:     10085       344      1722      2304         0      2969      2046      2184      2782      2517      2469      3909      3010      1924      2052      3654 
  2100000:      7168       256      1264      1628      2787         0      1962      2067      2516      2282      2419      3808      3189      2089      2323      4193 
  2000000:      6933       139       919       988      1910      1854         0      1441      1808      1638      1662      2673      2283      1530      1799     48999 
  1900000:      4494       148       895      1148      1967      1957      1367         0      1775      1670      1653      2771      2510      1707      1992      3543 
  1800000:      5140       148      1168      1389      2514      2316      1580      1686         0      2004      1925      3317      3040      2254      2656      4753 
  1700000:      4565       139      1042      1217      2156      2024      1418      1519      1812         0      1676      2899      2711      1949      2519      4750 
  1600000:      4296       129      1021      1235      2061      1952      1385      1464      1851      1593         0      2833      2742      2019      2657      5204 
  1500000:      7186       243      1603      1981      3425      3260      2376      2475      3040      2634      2684         0      4464      3433      4573      9569 
  1300000:      6260       300      1518      1720      3027      2835      2054      2198      2715      2409      2429      4120         0      3241      4459      9468 
  1200000:      4698       242      1014      1217      2166      2121      1529      1549      1942      1621      1695      3106      2906         0      3380     10266 
  1100000:      8063       389      1368      1548      3013      2695      1991      2023      2418      2058      2090      3499      3606      3080         0     17867 
  1000000:     15774       576      3414      3769      6654      5231     51181      3511      4071      3566      3401      6514      7663     10401     20815         0 
