   From  :    To
         :   2601000   2600000   2500000   2400000   2300000   2100000   2000000   1900000   1800000   1700000   1600000   1500000   1300000   1200000   1100000   1000000 
  2601000:         0         0         0         0         0         0         0         0         0         0         0         1         0         0         0         2 
  2600000:         0         0         0         0         0         0         0         0         0         0         0         0         0         0         0         0 
  2500000:         0         0         0         0         0         0         0         0         0         0         0         0         0         0         0         0 
  2400000:         0         0         0         0         0         0         0         0         0         0         0         0         0         0         0         0 
  2300000:         0         0         0         0         0         0         0         0         0         0         0         0         0         0         0         0 
  2100000:         0         0         0         0         0         0         0         0         0         0         0         0         0         0         0         0 
  2000000:         0         0         0         0         0         0         0         0         0         0         0         0         0         0         0         0 
  1900000:         0         0         0         0         0         0         0         0         0         0         0         0         0         0         0         0 
  1800000:         0         0         0         0         0         0         0         0         0         0         0         0         0         0         1         0 
  1700000:         0         0         0         0         0         0         0         0         0         0         0         0         0         0         0         2 
  1600000:         0         0         0         0         0         0         0         0         0         0         0         0         0         1         0         1 
  1500000:         0         0         0         0         0         0         0         0         0         0         0         0         0         0         1         3 
  1300000:         0         0         0         0         0         0         0         0         0         0         0         0         0         0         1         4 
  1200000:         0         0         0         0         0         0         0         0         0         0         0         0         1         0         0         6 
  1100000:         0         0         0         0         0         0         0         0         0         0         0         0         0         1         0        22 
  1000000:         2         0         0         0         0         0         0         0         1         2         2         3         4         5        20         0 
