   From  :    To
         :   2601000   2600000   2500000   2400000   2300000   2100000   2000000   1900000   1800000   1700000   1600000   1500000   1300000   1200000   1100000   1000000 
  2601000:         0         0       136       107       195       235        81        97       127       115       114       236       200       114       155     30583 
  2600000:         0         0         0         0         0         0         1         0         0         0         0         1         0         0         0      2270 
  2500000:       316         0         0        17        10        14        15         6        11        10         9        15        15         5        14       111 
  2400000:       257         0        16         0        11        16         6         9         9         9         8        16        11         9        12       111 
  2300000:       228         4         6         8         0        13        10         5        10         7        12        17        13        20        24       301 
  2100000:       193         0        12         6        13         0        13         9        12         5         6        20        15        10        14       228 
  2000000:        88         0         5         5        15         7         0         2         4         0         2         4        11         2        13       156 
  1900000:        75         0         3         3        10         5         3         0         7         3         1         8         4         7        12       136 
  1800000:        76         0         2         7         5         4         5         4         0         6         3        11         6        11        20       210 
  1700000:        60         0         8         1        10         1         5         2         1         0         4        10         7         7        15       183 
  1600000:        54         0         8        14         6         4         5         2        10         2         0         9        10         9        13       181 
  1500000:       108         0        10        14        13         5         6         6         5         2         5         0        21        19        26       412 
  1300000:        91         0         8         8        14        11         8         5        10        15         9        18         0        15        24       481 
  1200000:       106         0        12         9         9        13         4         5         9         7         8        24        18         0        25       434 
  1100000:       223         0        21        16        14        19         9        11        12        10        11        21        30        16         0       960 
  1000000:     30619      2268       321       285       353       209       143       114       143       123       135       242       356       439      1006         0 
