   From  :    To
         :   2601000   2600000   2500000   2400000   2300000   2100000   2000000   1900000   1800000   1700000   1600000   1500000   1300000   1200000   1100000   1000000 
  2601000:         0         0      2336      1505      2791      6092      3104      1104      1365      1384      1604      2723      2290      1323      1670    109157 
  2600000:         0         0         0         0         0         0         2         0         0         0         0         1         0         0         0      2273 
  2500000:      4030         0         0       294        85        59        37        28        39        39        34        50        50        30        57       313 
  2400000:      3012         0       121         0        53        45        30        31        29        27        34        44        35        37        46       333 
  2300000:      2961         6       149       120         0        65        40        30        44        41        38        77        62        62       118      1773 
  2100000:      5668         0       217        59        70         0        53        38        44        30        47        84        86        57       126      2051 
  2000000:     13475         0        29        24        43        34         0        23        26        13        14        31        42        20        78     46986 
  1900000:       911         0        37        28        35        33        18         0        26        20        12        39        44        31        71      1149 
  1800000:       984         0        41        20        33        43        19        23         0        29        24        60        58        36       109      1469 
  1700000:       832         0        28        15        33        32        25        14        29         0        26        47        52        36        95      1481 
  1600000:       875         0        28        28        30        26        22        14        39        32         0        42        68        43        92      1760 
  1500000:      1487         0        50        35        62        44        37        41        53        51        53         0       135        96       165      3166 
  1300000:      1745         0        57        21        62        72        35        39        56        59        60       118         0        93       181      3120 
  1200000:      1667         0        65        34        43        50        26        34        51        34        44        87       101         0       166      2570 
  1100000:      3077         0       141        73        90        99        59        52        77        70        89       122       156       147         0      7052 
  1000000:     97723      2270      1846      1621      2156      1936     57331       983      1070       916      1020      1950      2539      2961      8330         0 
