   From  :    To
         :   2601000   2600000   2500000   2400000   2300000   2100000   2000000   1900000   1800000   1700000   1600000   1500000   1300000   1200000   1100000   1000000 
  2601000:         0         0      5745      3805      7102      6077      4630      4150      5125      4624      4517      7083      5646      3135      3495     13349 
  2600000:         0         0       201       169       323       264       146       172       200       173       191       322       266       155       202       902 
  2500000:      8003       343         0       902      1378      1317       967       990      1194      1065      1067      1610      1227       634       634       535 
  2400000:      5861       290      1000         0      1773      1729      1104      1231      1529      1360      1294      2062      1519       932       823       709 
  2300000:      7473       344      1618      2232         0      2912      2000      2147      2735      2452      2415      3824      2948      1873      1927      2679 
  2100000:      5624       256      1184      1563      2725         0      1928      2016      2479      2252      2393      3740      3126      2066      2207      3199 
  2000000:      6041       139       872       960      1868      1829         0      1405      1793      1610      1635      2626      2244      1496      1722     48325 
  1900000:      3633       148       846      1119      1916      1915      1349         0      1761      1653      1634      2725      2473      1671      1935      2746 
  1800000:      4330       148      1107      1341      2457      2284      1551      1661         0      1979      1896      3271      2993      2201      2553      3770 
  1700000:      3859       139       972      1164      2098      1983      1398      1508      1781         0      1661      2857      2652      1909      2428      3724 
  1600000:      3664       129       952      1177      2013      1909      1362      1447      1828      1573         0      2783      2681      1980      2555      4009 
  1500000:      5956       243      1500      1898      3329      3190      2330      2420      2992      2591      2629         0      4361      3341      4354      7298 
  1300000:      5032       300      1410      1637      2937      2772      2012      2157      2661      2354      2378      4043         0      3152      4259      7293 
  1200000:      3588       242       934      1157      2055      2064      1488      1506      1893      1570      1638      3002      2808         0      3185      8697 
  1100000:      5576       389      1220      1411      2756      2549      1911      1922      2316      1986      1973      3313      3446      2933         0     13191 
  1000000:      9842       576      2305      2681      4849      3964     50389      2792      3255      2891      2741      5171      6007      8349     14613         0 
