   From  :    To
         :   2601000   2600000   2500000   2400000   2300000   2100000   2000000   1900000   1800000   1700000   1600000   1500000   1300000   1200000   1100000   1000000 
  2601000:         0         0      5799      3846      7169      6150      4680      4202      5195      4677      4583      7197      5747      3181      3569     13877 
  2600000:         0         0       201       169       323       264       146       172       200       173       191       322       266       155       202       902 
  2500000:      8144       343         0       908      1378      1318       969       990      1195      1066      1068      1612      1227       637       640       542 
  2400000:      5971       290      1005         0      1774      1730      1106      1232      1529      1360      1295      2066      1521       936       828       726 
  2300000:      7625       344      1626      2233         0      2914      2003      2148      2739      2453      2421      3831      2952      1876      1932      2726 
  2100000:      5718       256      1187      1569      2727         0      1931      2019      2481      2254      2396      3744      3129      2067      2210      3262 
  2000000:      6102       139       875       960      1870      1830         0      1408      1793      1611      1635      2628      2246      1499      1724     48369 
  1900000:      3680       148       850      1121      1916      1918      1349         0      1762      1653      1637      2728      2475      1673      1936      2789 
  1800000:      4376       148      1108      1345      2459      2286      1551      1662         0      1982      1899      3273      2996      2202      2560      3832 
  1700000:      3892       139       978      1171      2101      1985      1398      1509      1782         0      1661      2857      2653      1911      2432      3775 
  1600000:      3693       129       954      1180      2016      1910      1362      1448      1829      1573         0      2787      2684      1980      2560      4086 
  1500000:      6028       243      1510      1903      3339      3196      2333      2423      2994      2592      2632         0      4368      3345      4366      7422 
  1300000:      5105       300      1415      1639      2945      2773      2013      2157      2661      2358      2378      4045         0      3155      4264      7415 
  1200000:      3655       242       942      1162      2061      2069      1490      1509      1896      1572      1640      3012      2810         0      3191      8774 
  1100000:      5724       389      1234      1421      2777      2556      1916      1930      2323      1991      1978      3330      3456      2941         0     13421 
  1000000:     10158       576      2353      2742      4968      4051     50442      2826      3300      2929      2777      5262      6093      8467     14973         0 
