   From  :    To
         :   2601000   2600000   2500000   2400000   2300000   2100000   2000000   1900000   1800000   1700000   1600000   1500000   1300000   1200000   1100000   1000000 
  2601000:         0         0      5059      3482      6456      5495      3894      3790      4648      4164      4050      6206      4933      2708      2911      8595 
  2600000:         0         0       201       169       323       264       146       172       200       173       191       322       266       155       202       902 
  2500000:      6826       343         0       853      1358      1294       960       973      1180      1052      1052      1573      1199       616       614       459 
  2400000:      5030       290       967         0      1751      1719      1097      1228      1522      1351      1288      2041      1504       922       806       611 
  2300000:      6425       344      1570      2206         0      2877      1989      2130      2716      2420      2399      3791      2921      1847      1872      2249 
  2100000:      4994       256      1143      1543      2695         0      1912      1998      2458      2238      2384      3703      3097      2046      2169      2710 
  2000000:      4193       139       848       944      1857      1818         0      1396      1782      1603      1623      2611      2228      1488      1683     17932 
  1900000:      3273       148       826      1101      1901      1892      1342         0      1743      1642      1630      2704      2457      1651      1908      2435 
  1800000:      3980       148      1074      1315      2427      2266      1543      1649         0      1972      1882      3253      2974      2177      2506      3336 
  1700000:      3527       139       947      1147      2080      1968      1386      1499      1770         0      1651      2841      2625      1890      2387      3311 
  1600000:      3399       129       925      1156      1995      1895      1352      1440      1820      1564         0      2763      2651      1958      2511      3523 
  1500000:      5395       243      1450      1867      3296      3156      2315      2391      2957      2566      2607         0      4310      3304      4250      6393 
  1300000:      4430       300      1360      1598      2894      2727      1996      2140      2638      2329      2340      3989         0      3110      4155      6385 
  1200000:      3064       242       910      1132      2004      2037      1465      1486      1872      1549      1614      2954      2755         0      3111      7893 
  1100000:      4515       389      1166      1350      2643      2480      1859      1883      2281      1931      1932      3224      3359      2847         0     10971 
  1000000:      7339       576      1906      2264      4076      3458     18889      2478      2915      2614      2438      4525      5112      7369     11745         0 
