   From  :    To
         :   2601000   2600000   2500000   2400000   2300000   2100000   2000000   1900000   1800000   1700000   1600000   1500000   1300000   1200000   1100000   1000000 
  2601000:         0         0      9597      5315     10110      8282      6001      5713      6975      6503      6519     10842      8688      4820      5652     27380 
  2600000:         0         0       201       169       323       264       146       172       200       173       191       322       266       155       202       902 
  2500000:     13978       343         0      1090      1458      1379      1008      1030      1242      1098      1110      1725      1316       678       700       803 
  2400000:      9561       290      1088         0      1839      1785      1142      1260      1566      1405      1331      2137      1580       975       877      1024 
  2300000:     11909       344      1787      2363         0      2992      2065      2208      2817      2539      2484      3944      3048      1950      2112      4286 
  2100000:      8182       256      1320      1676      2819         0      1981      2086      2539      2298      2439      3836      3217      2112      2377      4821 
  2000000:      7521       139       952      1016      1941      1869         0      1455      1823      1651      1679      2693      2311      1544      1835     49415 
  1900000:      5060       148       935      1175      1994      1973      1375         0      1790      1680      1662      2787      2534      1721      2039      4045 
  1800000:      5697       148      1220      1434      2544      2342      1594      1700         0      2018      1944      3351      3073      2280      2707      5399 
  1700000:      5092       139      1077      1242      2180      2046      1434      1531      1825         0      1686      2928      2733      1984      2582      5354 
  1600000:      4760       129      1072      1271      2092      1967      1401      1472      1865      1605         0      2875      2810      2237      2832      5957 
  1500000:      8152       243      1666      2036      3492      3305      2404      2491      3066      2663      2716         0      4679      4193      5023     11295 
  1300000:      7285       300      1593      1784      3076      2876      2079      2227      2745      2437      2466      4597         0      8930      6627     15443 
  1200000:      5697       242      1068      1264      2211      2158      1544      1572      1983      1653      1868      3799      7854         0      6685     16633 
  1100000:      9921       389      1462      1673      3147      2786      2062      2077      2485      2125      2279      3900      6593      6480         0     22895 
  1000000:     19581       576      3920      4352      7622      5935     51608      3924      4530      3985      3971      7688     13763     16172     28024         0 
