   From  :    To
         :   2601000   2600000   2500000   2400000   2300000   2100000   2000000   1900000   1800000   1700000   1600000   1500000   1300000   1200000   1100000   1000000 
  2601000:         0         0      9875      5430     10388      8442      6121      5836      7105      6643      6661     11078      8899      4941      5818     28078 
  2600000:         0         0       201       169       323       264       146       172       200       173       191       322       266       155       202       902 
  2500000:     14342       343         0      1093      1460      1381      1009      1031      1246      1099      1113      1730      1318       681       700       809 
  2400000:      9775       290      1090         0      1843      1788      1148      1263      1569      1406      1331      2144      1585       977       882      1035 
  2300000:     12216       344      1792      2368         0      3003      2067      2215      2820      2546      2485      3951      3059      1957      2129      4398 
  2100000:      8341       256      1325      1683      2825         0      1985      2088      2544      2301      2439      3851      3222      2114      2391      4916 
  2000000:      7649       139       957      1023      1943      1874         0      1459      1826      1652      1680      2698      2315      1546      1844     49484 
  1900000:      5166       148       942      1178      2000      1981      1378         0      1797      1683      1665      2789      2542      1725      2044      4117 
  1800000:      5835       148      1229      1436      2546      2349      1597      1706         0      2020      1946      3356      3083      2286      2712      5483 
  1700000:      5193       139      1082      1243      2185      2051      1438      1533      1827         0      1691      2937      2740      1988      2594      5449 
  1600000:      4851       129      1073      1276      2096      1972      1402      1473      1867      1607         0      2881      2813      2240      2848      6067 
  1500000:      8336       243      1677      2051      3511      3312      2409      2504      3077      2665      2720         0      4692      4200      5050     11476 
  1300000:      7498       300      1604      1795      3084      2880      2086      2233      2751      2443      2476      4613         0      8938      6655     15632 
  1200000:      5871       242      1073      1277      2224      2162      1547      1579      1989      1657      1869      3808      7870         0      6711     16803 
  1100000:     10222       389      1472      1686      3174      2798      2072      2088      2497      2131      2288      3927      6613      6496         0     23446 
  1000000:     20019       576      3963      4418      7748      6024     51684      3975      4617      4064      4040      7838     13971     16438     28719         0 
