   From  :    To
         :   2601000   2600000   2500000   2400000   2300000   2100000   2000000   1900000   1800000   1700000   1600000   1500000   1300000   1200000   1100000   1000000 
  2601000:         0         0         1         0         0         0         0         0         0         0         0         0         0         0         0         1 
  2600000:         0         0      1321       763      1297      1212       831       737       815       710       794      1324      1152       697       714     12388 
  2500000:         0      2055         0        85        88        51        37        40        55        36        47        71        67        40        55       154 
  2400000:         0      1464        78         0        73        46        44        44        49        31        50        70        54        41        49       147 
  2300000:         0      1636       127        85         0       102        68        79        77        73        84       131       129        80       139       672 
  2100000:         0      1233       101        77        96         0        85        73        97        84        97       168       149       103       109       757 
  2000000:         0       859        64        53        63        77         0        75        77        76        64       108       103        69       101       490 
  1900000:         0       585        55        47        78        89        59         0       102        82        75       137       105        82       118       576 
  1800000:         0       629        66        53        78        88        81        99         0       110        86       173       146       106       122       751 
  1700000:         0       480        51        56        68        81        69        80        88         0        87       168       191       111       151       694 
  1600000:         0       538        51        53        88        92        69        84        96        82         0       178       195       126       162       813 
  1500000:         0       885       109        73       148       161       121       121       168       171       187         0       435       256       308      1668 
  1300000:         0       878       102        90       152       135       118       118       159       163       168       438         0       333       403      1937 
  1200000:         0       714        69        64        96        91        74        88       105       104       139       286       333         0       443      1887 
  1100000:         0      1117        98        95       167       132       119        92       130       151       159       297       409       402         0      4917 
  1000000:         1     11683       588       646       990       872       504       460       570       502       590      1262      1726      2047      5411         0 
