   From  :    To
         :   2601000   2600000   2500000   2400000   2300000   2100000   2000000   1900000   1800000   1700000   1600000   1500000   1300000   1200000   1100000   1000000 
  2601000:         0         0         1         0         0         0         0         0         0         0         0         0         0         0         0         1 
  2600000:         0         0      1590       924      1702      1680      1329      1015      1040       978      1037      1707      1655       906       975     17001 
  2500000:         0      2593         0        97       102        65        44        47        62        39        52        77        71        47        63       193 
  2400000:         0      1906        86         0        86        58        53        46        51        37        52        78        63        44        56       174 
  2300000:         0      2791       143        95         0       119        80        85        84        98        92       145       181        90       154      1297 
  2100000:         0      1718       148        95       105         0       100        86       106        86       103       176       159       111       123       999 
  2000000:         0      1470        88        57       783        90         0        83        82        91        70       112       161        72       115      1257 
  1900000:         0       795        68        53        84        96        61         0       108        89        78       140       113        89       137       762 
  1800000:         0       815        73        61        84        96        86       102         0       115        89       187       155       110       144       943 
  1700000:         0       770        63        62       168        90      1080        83        90         0        89       175       265       114       160      1778 
  1600000:         0       669        58        64        97       100        74        87        99        86         0       186       197       129       176      1037 
  1500000:         0      1099       125        82       167       170       124       128       179       180       194         0       448       265       342      2055 
  1300000:         0      1194       114       104       250       144       244       120       167      1662       172       451         0       344       440      3432 
  1200000:         0       921        76        72       106       106        80        91       112       107       143       295       344         0       466      2202 
  1100000:         0      1566       121       129       198       153       132       104       143       161       173       310       433       429         0      5742 
  1000000:         1     15232       798       895      1522      1148      1044       596       737      1258       715      1519      4593      2371      6443         0 
