   From  :    To
         :   2601000   2600000   2500000   2400000   2300000   2100000   2000000   1900000   1800000   1700000   1600000   1500000   1300000   1200000   1100000   1000000 
  2601000:         0         0      1220       664      1113      2110       501       503       642       637       723      1204      1029       594       771     67944 
  2600000:         0         0         0         0         0         0         1         0         0         0         0         1         0         0         0      2272 
  2500000:      1982         0         0       110        49        34        24        13        27        25        20        35        37        15        30       211 
  2400000:      1302         0        66         0        30        30        16        17        20        19        25        31        23        20        27       210 
  2300000:      1240         5        57        46         0        32        21        19        29        25        27        46        39        43        62       843 
  2100000:      1937         0        90        19        39         0        27        22        22        18        22        49        39        31        58       889 
  2000000:       380         0        18        14        31        15         0        16        10         4         9        16        21        10        42       589 
  1900000:       340         0        17        16        25        16        13         0        16        12         5        26        24        15        40       550 
  1800000:       377         0        13        12        14        23        11        12         0        14         8        34        31        19        58       746 
  1700000:       321         0        17         8        22        11        11         7         9         0        11        27        34        19        53       737 
  1600000:       342         0        13        23        17        13         9         8        21        15         0        22        30        23        46       842 
  1500000:       560         0        25        26        28        22        19        25        24        21        30         0        70        44        78      1514 
  1300000:       604         0        20        10        26        34        20        25        32        35        34        63         0        48        94      1563 
  1200000:       612         0        26        21        22        34        14        18        20        16        22        44        54         0        82      1271 
  1100000:      1352         0        65        42        46        54        31        27        39        34        36        61        82        71         0      3352 
  1000000:     68305      2269       965       825      1072       834       457       403       461       412       452       827      1095      1304      3851         0 
