   From  :    To
         :   2601000   2600000   2500000   2400000   2300000   2100000   2000000   1900000   1800000   1700000   1600000   1500000   1300000   1200000   1100000   1000000 
  2601000:         0         0      1113       556       973      1867       460       454       587       570       663      1115       928       545       708     67385 
  2600000:         0         0         0         0         0         0         1         0         0         0         0         1         0         0         0      2272 
  2500000:      1817         0         0       100        44        31        24        12        27        23        19        32        36        15        27       203 
  2400000:      1128         0        64         0        30        29        15        16        19        19        24        30        21        20        26       205 
  2300000:      1109         5        51        38         0        31        21        18        29        25        27        45        39        42        61       788 
  2100000:      1727         0        77        18        39         0        27        20        22        17        20        47        38        31        55       834 
  2000000:       365         0        17        14        31        15         0        16        10         4         9        16        21        10        40       555 
  1900000:       315         0        17        16        25        16        13         0        16        12         5        26        24        15        37       498 
  1800000:       352         0        13        12        14        21        11        12         0        14         8        34        31        19        57       691 
  1700000:       309         0        17         8        22        10        11         7         9         0        11        27        34        19        49       672 
  1600000:       318         0        12        23        17        13         9         8        21        15         0        22        30        23        43       782 
  1500000:       535         0        25        26        28        22        19        25        24        21        30         0        70        44        77      1418 
  1300000:       550         0        20        10        26        33        20        25        32        35        34        63         0        47        92      1463 
  1200000:       560         0        26        20        22        34        14        18        20        16        21        43        54         0        82      1220 
  1100000:      1199         0        61        41        45        53        31        27        39        34        35        60        81        71         0      3211 
  1000000:     67639      2269       897       764      1013       797       447       377       434       400       430       803      1043      1250      3634         0 
