   From  :    To
         :   2601000   2600000   2500000   2400000   2300000   2100000   2000000   1900000   1800000   1700000   1600000   1500000   1300000   1200000   1100000   1000000 
  2601000:         0         0        77        44       121       167        48        56        77        74        73       161       141        74        95      1721 
  2600000:         0         0         0         0         0         0         0         0         0         0         0         1         0         0         0      2270 
  2500000:       183         0         0        15        10        14        14         6        11        10         9        13        12         4        12       106 
  2400000:       141         0        14         0         8        12         4         7         5         8         7        14        10         9         9        97 
  2300000:       146         3         3         7         0         7         7         5         9         7         9        16        12        15        19       243 
  2100000:       146         0        11         5         7         0        11         8         9         5         4        17        14         7         9       166 
  2000000:        59         0         3         3         7         5         0         2         2         0         1         4         8         1         9       125 
  1900000:        44         0         3         3         8         3         3         0         4         2         1         8         3         5         5       101 
  1800000:        47         0         2         2         4         2         3         3         0         6         2         9         2         7        15       156 
  1700000:        40         0         5         1         8         0         2         1         1         0         2        10         7         6        10       138 
  1600000:        27         0         3         7         5         2         2         1         6         0         0         8         9         6        11       138 
  1500000:        56         0         7         6         8         5         5         4         4         2         4         0        13        15        19       317 
  1300000:        38         0         4         4         8         8         4         3         9        10         7         7         0        11        18       370 
  1200000:        55         0         4         5         8        11         1         3         5         5         4        20        13         0        15       278 
  1100000:       136         0        14        12         7        11         7         8         9         8         5        12        18        11         0       618 
  1000000:      1810      2268       269       231       299       172       118        86       109        94        97       165       239       256       630         0 
