   From  :    To
         :   2601000   2600000   2500000   2400000   2300000   2100000   2000000   1900000   1800000   1700000   1600000   1500000   1300000   1200000   1100000   1000000 
  2601000:         0         0      3711      3098      5574      4902      3193      3404      4170      3710      3591      5382      4208      2332      2374      5037 
  2600000:         0         0       201       169       323       264       146       172       200       173       191       322       266       155       202       902 
  2500000:      5001       343         0       823      1340      1275       955       964      1170      1041      1039      1556      1171       609       599       404 
  2400000:      4132       290       952         0      1735      1707      1087      1223      1518      1343      1279      2027      1496       914       792       567 
  2300000:      5175       344      1533      2181         0      2861      1976      2116      2697      2403      2383      3751      2901      1826      1836      1890 
  2100000:      4327       256      1104      1513      2669         0      1904      1985      2439      2226      2368      3678      3075      2036      2134      2312 
  2000000:      2992       139       827       930      1840      1805         0      1379      1776      1597      1613      2595      2214      1479      1662      1902 
  1900000:      2906       148       802      1088      1893      1878      1333         0      1736      1635      1621      2692      2436      1638      1886      2151 
  1800000:      3651       148      1046      1299      2409      2250      1535      1645         0      1963      1876      3234      2956      2154      2473      2965 
  1700000:      3206       139       923      1139      2062      1955      1380      1491      1763         0      1635      2825      2607      1871      2352      2938 
  1600000:      3123       129       898      1141      1982      1883      1346      1429      1810      1557         0      2746      2634      1943      2472      3089 
  1500000:      4914       243      1415      1834      3260      3126      2304      2378      2941      2549      2588         0      4274      3266      4172      5620 
  1300000:      3953       300      1300      1556      2854      2703      1980      2123      2622      2311      2318      3946         0      3073      4067      5557 
  1200000:      2597       242       891      1101      1979      2010      1446      1469      1856      1536      1589      2922      2727         0      3043      7285 
  1100000:      3551       389      1112      1307      2561      2427      1835      1854      2257      1908      1908      3154      3288      2792         0      9031 
  1000000:      5157       576      1575      1883      3392      2980      2330      2211      2649      2334      2183      4054      4410      6605      9310         0 
