   From  :    To
         :   2601000   2600000   2500000   2400000   2300000   2100000   2000000   1900000   1800000   1700000   1600000   1500000   1300000   1200000   1100000   1000000 
  2601000:         0         0     14812      4860      8781     17209     12051      2882      3661      3520      3892      6615      5595      3360      4040    122661 
  2600000:         0         0         0         0         0         0         2         0         0         0         0         1         0         0         0      2273 
  2500000:     19462         0         0       530       139       115        54        51        61        78        65       103       104        68       102       436 
  2400000:      7822         0       441         0        95        85        53        57        51        59        64        85        68        71        77       524 
  2300000:      8856         6       687       332         0       135        68        78       134       140       102       158       146       135       263      3277 
  2100000:     15987         0      1050       141       147         0       107       125       134        96        90       163       181       118       260      3728 
  2000000:     26754         0        99        54        90        95         0        74        63        41        52        84        89        61       170     97164 
  1900000:      2329         0        86        68        92       114        61         0        58        46        61       106       106        67       168      2362 
  1800000:      2572         0       102        78       144       147        54        68         0        67        65       134       116        88       224      3085 
  1700000:      2325         0        83        62       130       102        55        47        66         0        70       110       111        92       218      2980 
  1600000:      2356         0        99        91       124        73        48        39        65        68         0       121       150       109       224      3375 
  1500000:      4268         0       167       123       166       145        82        82       115        95       114         0       286       202       391      5980 
  1300000:      4433         0       139        66       147       157        92        87       124       125       132       244         0       201       417      5698 
  1200000:      3791         0       129        85       104       111        63        80        96        91       102       187       210         0       339      4499 
  1100000:      6466         0       266       177       251       230       133       126       148       163       167       284       321       293         0     11630 
  1000000:    106517      2270      3208      2885      4107      3609    111967      1928      2168      1862      1966      3821      4579      5022     13762         0 
