   From  :    To
         :   2601000   2600000   2500000   2400000   2300000   2100000   2000000   1900000   1800000   1700000   1600000   1500000   1300000   1200000   1100000   1000000 
  2601000:         0         0      1311       739      1266      2446       543       550       694       703       793      1326      1122       643       834     68512 
  2600000:         0         0         0         0         0         0         1         0         0         0         0         1         0         0         0      2272 
  2500000:      2145         0         0       126        50        35        24        16        27        28        20        37        39        16        33       218 
  2400000:      1452         0        71         0        30        31        16        17        20        20        25        32        25        22        28       210 
  2300000:      1385         5        63        55         0        33        24        19        30        25        27        48        40        44        67       893 
  2100000:      2246         0        95        22        40         0        28        22        24        22        22        55        43        36        60       956 
  2000000:       420         0        18        15        32        17         0        16        10         4        11        19        22        12        45       625 
  1900000:       364         0        17        16        25        16        13         0        17        12         6        26        26        16        41       599 
  1800000:       401         0        15        13        14        24        11        12         0        14        10        36        32        20        65       793 
  1700000:       336         0        18         8        23        12        11         8        11         0        12        28        38        21        58       804 
  1600000:       362         0        14        23        17        16        10         8        22        15         0        25        34        27        51       911 
  1500000:       598         0        28        26        32        25        19        26        25        22        35         0        79        48        84      1640 
  1300000:       650         0        20        10        29        39        22        26        32        38        35        66         0        51       104      1670 
  1200000:       676         0        28        22        22        36        15        19        22        18        27        47        57         0        90      1339 
  1100000:      1523         0        69        44        49        57        33        29        41        37        42        68        85        78         0      3514 
  1000000:     68923      2269      1047       880      1129       884       496       426       485       430       470       873      1150      1384      4109         0 
