   From  :    To
         :   2601000   2600000   2500000   2400000   2300000   2100000   2000000   1900000   1800000   1700000   1600000   1500000   1300000   1200000   1100000   1000000 
  2601000:         0         0      1422       820      1409      2764       596       600       743       756       856      1433      1204       691       900     69111 
  2600000:         0         0         0         0         0         0         1         0         0         0         0         1         0         0         0      2272 
  2500000:      2340         0         0       146        53        36        25        16        29        28        20        38        40        17        35       225 
  2400000:      1603         0        75         0        30        31        18        18        20        20        26        32        25        23        29       218 
  2300000:      1547         5        65        56         0        33        25        20        30        25        27        49        41        44        68       936 
  2100000:      2542         0       104        23        41         0        28        24        25        22        24        56        45        36        63       994 
  2000000:       449         0        18        16        32        17         0        16        10         4        11        19        22        12        46       669 
  1900000:       372         0        19        16        25        16        14         0        17        12         6        26        26        16        42       651 
  1800000:       422         0        15        13        14        24        11        12         0        14        10        36        32        20        68       842 
  1700000:       346         0        18         8        23        12        11         8        11         0        12        28        38        21        58       858 
  1600000:       375         0        15        23        17        16        10         8        22        15         0        25        34        28        53       971 
  1500000:       622         0        28        26        32        25        19        26        26        22        36         0        80        48        85      1747 
  1300000:       677         0        21        10        29        40        22        26        32        39        35        66         0        51       104      1759 
  1200000:       724         0        28        22        22        36        15        19        23        18        27        47        57         0        91      1393 
  1100000:      1659         0        73        44        50        57        33        30        41        37        42        71        85        78         0      3643 
  1000000:     69626      2269      1147       945      1194       920       513       435       504       440       480       895      1182      1437      4301         0 
