   From  :    To
         :   2601000   2600000   2500000   2400000   2300000   2100000   2000000   1900000   1800000   1700000   1600000   1500000   1300000   1200000   1100000   1000000 
  2601000:         0         0      5534      3692      6869      5828      4484      4004      4939      4431      4318      6697      5314      2945      3241     11549 
  2600000:         0         0       201       169       323       264       146       172       200       173       191       322       266       155       202       902 
  2500000:      7565       343         0       878      1368      1303       962       983      1186      1063      1057      1594      1220       626       625       495 
  2400000:      5510       290       980         0      1765      1727      1099      1229      1526      1354      1290      2052      1515       927       816       650 
  2300000:      7007       344      1593      2218         0      2901      1996      2141      2732      2437      2409      3810      2942      1868      1902      2466 
  2100000:      5382       256      1162      1556      2712         0      1926      2007      2471      2247      2386      3729      3111      2058      2190      2930 
  2000000:      5904       139       864       952      1866      1824         0      1401      1789      1609      1629      2623      2240      1491      1707     48187 
  1900000:      3493       148       840      1111      1904      1909      1348         0      1755      1648      1633      2717      2470      1663      1926      2594 
  1800000:      4196       148      1092      1326      2448      2276      1547      1661         0      1979      1892      3265      2989      2192      2539      3572 
  1700000:      3736       139       964      1155      2090      1980      1396      1504      1777         0      1659      2852      2640      1904      2412      3527 
  1600000:      3573       129       940      1166      2011      1904      1361      1444      1826      1569         0      2771      2667      1977      2545      3773 
  1500000:      5756       243      1482      1883      3317      3177      2327      2408      2980      2583      2621         0      4352      3329      4311      6858 
  1300000:      4807       300      1385      1620      2918      2757      2005      2150      2653      2345      2364      4024         0      3142      4220      6858 
  1200000:      3353       242       924      1142      2031      2053      1482      1496      1885      1563      1629      2981      2788         0      3165      8287 
  1100000:      5078       389      1193      1385      2707      2513      1885      1907      2303      1965      1963      3288      3417      2903         0     12116 
  1000000:      8484       576      2114      2477      4437      3707     50261      2652      3100      2769      2615      4902      5617      7841     13211         0 
