   From  :    To
         :   2601000   2600000   2500000   2400000   2300000   2100000   2000000   1900000   1800000   1700000   1600000   1500000   1300000   1200000   1100000   1000000 
  2601000:         0         0      5570      3726      6937      5898      4537      4041      4998      4495      4384      6813      5439      3004      3348     12257 
  2600000:         0         0       201       169       323       264       146       172       200       173       191       322       266       155       202       902 
  2500000:      7677       343         0       887      1373      1305       963       983      1187      1064      1060      1597      1221       631       629       508 
  2400000:      5623       290       987         0      1766      1729      1100      1230      1528      1354      1292      2055      1516       929       819       671 
  2300000:      7141       344      1602      2223         0      2903      1996      2142      2733      2443      2410      3812      2944      1869      1911      2529 
  2100000:      5451       256      1174      1558      2714         0      1927      2008      2472      2248      2386      3732      3117      2063      2196      3004 
  2000000:      5946       139       864       954      1867      1825         0      1402      1790      1610      1631      2624      2241      1492      1713     48236 
  1900000:      3542       148       841      1112      1906      1910      1348         0      1757      1649      1633      2719      2470      1666      1928      2634 
  1800000:      4247       148      1094      1331      2449      2277      1548      1661         0      1979      1894      3266      2989      2194      2544      3636 
  1700000:      3777       139       967      1156      2092      1981      1396      1504      1778         0      1661      2854      2646      1905      2415      3597 
  1600000:      3601       129       945      1168      2011      1905      1361      1445      1828      1569         0      2772      2671      1978      2547      3857 
  1500000:      5826       243      1487      1885      3319      3181      2328      2412      2981      2584      2623         0      4352      3329      4321      7000 
  1300000:      4911       300      1393      1625      2922      2762      2005      2151      2654      2346      2366      4027         0      3143      4231      7028 
  1200000:      3444       242       927      1144      2039      2057      1483      1499      1887      1568      1633      2987      2788         0      3176      8406 
  1100000:      5293       389      1199      1398      2718      2527      1891      1914      2305      1971      1965      3298      3425      2913         0     12486 
  1000000:      8967       576      2177      2553      4566      3782     50305      2699      3159      2815      2658      4993      5779      8009     13712         0 
