   From  :    To
         :   2601000   2600000   2500000   2400000   2300000   2100000   2000000   1900000   1800000   1700000   1600000   1500000   1300000   1200000   1100000   1000000 
  2601000:         0         0      5872      3881      7247      6228      4716      4253      5266      4738      4651      7339      5873      3231      3642     14438 
  2600000:         0         0       201       169       323       264       146       172       200       173       191       322       266       155       202       902 
  2500000:      8313       343         0       918      1382      1319       970       992      1195      1067      1069      1619      1230       638       643       554 
  2400000:      6101       290      1006         0      1776      1732      1106      1232      1530      1363      1297      2068      1523       937       829       735 
  2300000:      7781       344      1631      2236         0      2919      2005      2148      2740      2457      2422      3835      2953      1878      1938      2779 
  2100000:      5819       256      1197      1574      2729         0      1933      2023      2483      2256      2399      3748      3132      2071      2216      3322 
  2000000:      6145       139       879       962      1873      1830         0      1409      1794      1613      1637      2633      2248      1500      1727     48399 
  1900000:      3735       148       852      1123      1919      1921      1349         0      1762      1655      1639      2731      2477      1674      1936      2838 
  1800000:      4416       148      1115      1350      2463      2286      1551      1662         0      1985      1900      3274      2998      2202      2564      3892 
  1700000:      3924       139       981      1176      2102      1986      1402      1510      1785         0      1661      2859      2654      1912      2435      3838 
  1600000:      3725       129       959      1184      2017      1913      1362      1448      1830      1575         0      2789      2686      1982      2562      4151 
  1500000:      6099       243      1512      1910      3341      3198      2336      2427      2995      2592      2632         0      4370      3348      4379      7559 
  1300000:      5153       300      1421      1644      2947      2776      2015      2158      2662      2358      2380      4049         0      3155      4278      7547 
  1200000:      3710       242       946      1164      2066      2072      1491      1513      1897      1573      1642      3015      2813         0      3197      8850 
  1100000:      5846       389      1240      1428      2786      2564      1919      1934      2325      1993      1983      3339      3466      2945         0     13677 
  1000000:     10607       576      2440      2806      5095      4150     50487      2878      3342      2966      2809      5321      6154      8563     15286         0 
