   From  :    To
         :   2601000   2600000   2500000   2400000   2300000   2100000   2000000   1900000   1800000   1700000   1600000   1500000   1300000   1200000   1100000   1000000 
  2601000:         0         0      5812      3848      7173      6155      4684      4202      5197      4677      4585      7203      5750      3184      3575     13887 
  2600000:         0         0       201       169       323       264       146       172       200       173       191       322       266       155       202       902 
  2500000:      8157       343         0       908      1378      1318       970       991      1195      1066      1068      1612      1227       637       640       543 
  2400000:      5974       290      1006         0      1774      1731      1106      1232      1529      1361      1295      2067      1521       937       828       727 
  2300000:      7628       344      1627      2234         0      2914      2003      2148      2739      2453      2421      3832      2952      1876      1933      2731 
  2100000:      5722       256      1187      1571      2728         0      1932      2020      2483      2254      2397      3745      3130      2068      2212      3264 
  2000000:      6106       139       875       961      1871      1830         0      1408      1793      1611      1636      2629      2247      1499      1726     48369 
  1900000:      3681       148       850      1121      1916      1918      1349         0      1762      1653      1638      2730      2475      1673      1936      2792 
  1800000:      4377       148      1108      1345      2459      2286      1551      1662         0      1985      1899      3273      2997      2202      2561      3836 
  1700000:      3896       139       978      1171      2101      1985      1399      1509      1783         0      1661      2859      2653      1911      2433      3777 
  1600000:      3695       129       954      1180      2016      1912      1362      1448      1829      1574         0      2788      2686      1980      2561      4089 
  1500000:      6035       243      1510      1905      3339      3197      2333      2424      2995      2592      2632         0      4370      3346      4372      7434 
  1300000:      5111       300      1415      1640      2946      2775      2015      2158      2662      2358      2379      4048         0      3155      4269      7422 
  1200000:      3659       242       942      1162      2063      2069      1490      1509      1896      1572      1642      3013      2811         0      3192      8780 
  1100000:      5726       389      1234      1421      2777      2560      1918      1930      2323      1991      1981      3333      3462      2944         0     13449 
  1000000:     10164       576      2354      2742      4971      4055     50442      2829      3303      2935      2778      5273      6106      8475     14998         0 
