   From  :    To
         :   2601000   2600000   2500000   2400000   2300000   2100000   2000000   1900000   1800000   1700000   1600000   1500000   1300000   1200000   1100000   1000000 
  2601000:         0         0     12659      4051      7494     14041     11696      2571      3209      3125      3446      5927      4961      2999      3641    119842 
  2600000:         0         0         0         0         0         0         2         0         0         0         0         1         0         0         0      2273 
  2500000:     16638         0         0       461       132       108        52        47        60        73        60        95        98        62        91       411 
  2400000:      6610         0       356         0        85        81        50        52        48        54        61        82        65        66        74       490 
  2300000:      7418         6       591       294         0       123        66        71       121       134        98       150       142       135       240      2985 
  2100000:     13029         0       874       125       136         0       102       116       125        92        86       148       171       112       238      3342 
  2000000:     26468         0        88        53        86        87         0        65        61        37        50        80        86        60       159     96894 
  1900000:      2105         0        83        64        83       108        55         0        53        45        56       102        98        64       158      2083 
  1800000:      2341         0        93        73       133       132        49        63         0        62        59       130       111        80       204      2697 
  1700000:      2143         0        77        56       122        94        54        43        63         0        67       106       108        88       193      2636 
  1600000:      2184         0        93        84       118        67        45        35        63        67         0       115       146       108       202      2990 
  1500000:      3997         0       156       116       155       140        77        80       109        92       112         0       276       186       370      5342 
  1300000:      4181         0       129        64       133       149        89        79       117       118       127       234         0       190       395      5080 
  1200000:      3552         0       121        76        93       102        58        75        93        83        93       176       201         0       315      4090 
  1100000:      5842         0       245       160       229       205       127       116       139       149       162       265       303       278         0     10654 
  1000000:    103154      2270      2823      2497      3575      3259    111752      1744      1966      1719      1840      3597      4319      4700     12594         0 
