   From  :    To
         :   2601000   2600000   2500000   2400000   2300000   2100000   2000000   1900000   1800000   1700000   1600000   1500000   1300000   1200000   1100000   1000000 
  2601000:         0         0      2349      1511      2801      6094      3211      1108      1371      1390      1606      2731      2293      1324      1674    109694 
  2600000:         0         0         0         0         0         0         2         0         0         0         0         1         0         0         0      2273 
  2500000:      4045         0         0       295        85        59        37        29        39        39        34        51        51        30        57       314 
  2400000:      3021         0       121         0        53        45        31        31        30        27        36        44        37        37        47       333 
  2300000:      2968         6       149       120         0        65        40        30        44        43        38        77        63        63       119      1780 
  2100000:      5673         0       218        59        70         0        53        38        44        30        48        87        86        57       126      2055 
  2000000:     14112         0        29        24        43        34         0        23        27        14        15        31        42        20        79     48200 
  1900000:       913         0        37        29        36        33        18         0        27        20        14        39        45        31        72      1152 
  1800000:       991         0        41        20        33        44        19        25         0        31        25        62        59        36       110      1472 
  1700000:       834         0        28        17        34        32        25        16        30         0        27        50        54        38        97      1483 
  1600000:       880         0        29        29        30        27        23        14        40        34         0        45        69        47        93      1765 
  1500000:      1492         0        51        36        62        47        37        42        54        53        54         0       141        98       168      3175 
  1300000:      1747         0        58        21        63        74        36        40        57        60        65       122         0        95       184      3123 
  1200000:      1672         0        65        34        44        50        27        34        52        35        46        89       104         0       167      2578 
  1100000:      3077         0       142        76        90       100        60        52        79        71        90       122       156       151         0      7071 
  1000000:     97731      2270      1848      1622      2161      1940     59074       984      1074       918      1027      1959      2545      2970      8344         0 
