   From  :    To
         :   2601000   2600000   2500000   2400000   2300000   2100000   2000000   1900000   1800000   1700000   1600000   1500000   1300000   1200000   1100000   1000000 
  2601000:         0         0      2403      1548      2871      6262      3235      1133      1396      1423      1646      2783      2354      1351      1714    109965 
  2600000:         0         0         0         0         0         0         2         0         0         0         0         1         0         0         0      2273 
  2500000:      4151         0         0       308        86        62        37        29        39        39        34        51        51        32        57       317 
  2400000:      3099         0       124         0        55        45        32        31        30        27        36        44        37        37        47       334 
  2300000:      3040         6       151       124         0        66        41        30        44        43        39        77        64        64       121      1818 
  2100000:      5813         0       224        59        73         0        54        38        44        30        49        87        88        58       128      2097 
  2000000:     14126         0        29        24        44        34         0        23        27        14        15        31        42        20        81     48219 
  1900000:       925         0        37        29        36        33        18         0        27        20        15        39        46        31        73      1173 
  1800000:      1012         0        41        20        33        44        19        25         0        31        25        62        59        36       111      1495 
  1700000:       843         0        29        17        35        32        25        16        30         0        27        50        55        38       101      1511 
  1600000:       894         0        29        29        30        27        23        14        40        34         0        45        69        47        94      1806 
  1500000:      1504         0        52        36        62        47        37        42        54        53        54         0       142        99       171      3222 
  1300000:      1757         0        60        22        65        74        36        40        57        60        66       122         0        96       187      3188 
  1200000:      1697         0        65        35        46        51        27        34        52        35        46        90       104         0       171      2617 
  1100000:      3143         0       144        77        92       102        62        52        79        72        91       122       156       153         0      7179 
  1000000:     98079      2270      1905      1650      2200      1963     59081       995      1094       928      1038      1971      2563      3008      8468         0 
