   From  :    To
         :   2601000   2600000   2500000   2400000   2300000   2100000   2000000   1900000   1800000   1700000   1600000   1500000   1300000   1200000   1100000   1000000 
  2601000:         0         0      1940      1252      2198      4786      2429       965      1187      1217      1402      2321      1936      1091      1410    103825 
  2600000:         0         0         0         0         0         0         2         0         0         0         0         1         0         0         0      2273 
  2500000:      3327         0         0       226        71        47        33        21        35        37        28        45        45        24        46       288 
  2400000:      2435         0       108         0        49        43        23        28        27        23        30        40        29        30        40       286 
  2300000:      2494         6       101        79         0        52        35        29        38        37        36        68        50        51        91      1352 
  2100000:      4500         0       182        41        57         0        43        33        38        29        37        74        74        48       102      1627 
  2000000:     10252         0        26        22        41        29         0        19        20        11        14        26        33        17        65     39857 
  1900000:       716         0        31        20        30        28        17         0        22        18        10        32        38        24        59      1015 
  1800000:       736         0        28        18        23        35        15        21         0        23        20        48        48        31        95      1300 
  1700000:       631         0        23        13        28        28        21        10        22         0        19        40        44        28        79      1317 
  1600000:       673         0        24        27        26        23        17        11        32        25         0        33        53        35        78      1540 
  1500000:      1063         0        37        32        52        35        29        33        45        36        43         0       104        75       132      2748 
  1300000:      1169         0        42        16        48        59        29        31        44        53        50        90         0        64       149      2700 
  1200000:      1099         0        41        33        32        44        20        26        39        26        37        64        82         0       131      2112 
  1100000:      2450         0       110        61        80        88        51        46        65        57        69       102       126       110         0      5710 
  1000000:     96413      2270      1580      1351      1784      1588     47668       787       827       711       802      1480      1882      2158      6648         0 
