   From  :    To
         :   2601000   2600000   2500000   2400000   2300000   2100000   2000000   1900000   1800000   1700000   1600000   1500000   1300000   1200000   1100000   1000000 
  2601000:         0         0      2017      1299      2282      4878      2913      1003      1250      1259      1455      2406      2013      1145      1497    106084 
  2600000:         0         0         0         0         0         0         2         0         0         0         0         1         0         0         0      2273 
  2500000:      3455         0         0       239        75        48        34        23        37        38        31        46        45        25        49       292 
  2400000:      2529         0       112         0        49        43        24        29        27        23        30        40        30        30        40       293 
  2300000:      2564         6       108        82         0        55        38        29        38        37        37        69        50        52        96      1410 
  2100000:      4586         0       193        43        59         0        43        34        39        30        39        78        75        50       109      1673 
  2000000:     12672         0        27        22        42        30         0        20        22        11        14        26        35        18        66     44779 
  1900000:       740         0        33        22        30        30        17         0        23        18        10        32        39        24        63      1048 
  1800000:       767         0        31        18        26        38        15        22         0        26        21        51        50        32        99      1353 
  1700000:       658         0        25        14        29        29        22        11        23         0        20        42        45        30        80      1355 
  1600000:       704         0        24        28        28        23        17        11        36        26         0        34        54        36        82      1591 
  1500000:      1124         0        39        33        53        36        31        33        48        39        45         0       110        77       139      2821 
  1300000:      1225         0        43        16        49        63        30        32        44        53        55        97         0        70       156      2778 
  1200000:      1161         0        42        33        33        45        20        27        42        28        39        66        83         0       139      2193 
  1100000:      2569         0       116        62        83        91        51        47        65        58        73       107       133       120         0      5972 
  1000000:     96746      2270      1627      1388      1833      1642     54527       808       855       737       825      1533      1949      2242      6932         0 
