   From  :    To
         :   2601000   2600000   2500000   2400000   2300000   2100000   2000000   1900000   1800000   1700000   1600000   1500000   1300000   1200000   1100000   1000000 
  2601000:         0         0      1943      1254      2204      4791      2877       967      1189      1221      1405      2326      1938      1096      1412    105779 
  2600000:         0         0         0         0         0         0         2         0         0         0         0         1         0         0         0      2273 
  2500000:      3333         0         0       226        72        47        33        22        35        37        28        46        45        24        47       289 
  2400000:      2439         0       108         0        49        43        24        28        27        23        30        40        30        30        40       286 
  2300000:      2503         6       102        79         0        53        35        29        38        37        36        68        50        51        91      1355 
  2100000:      4505         0       183        42        58         0        43        34        39        30        37        76        75        49       102      1630 
  2000000:     12646         0        26        22        41        29         0        19        22        11        14        26        35        17        66     44751 
  1900000:       718         0        31        21        30        28        17         0        23        18        10        32        39        24        60      1018 
  1800000:       739         0        29        18        25        37        15        22         0        24        21        51        50        32        96      1302 
  1700000:       634         0        24        14        29        29        21        10        23         0        20        42        45        29        79      1318 
  1600000:       675         0        24        27        26        23        17        11        35        26         0        34        54        36        79      1544 
  1500000:      1063         0        38        33        52        36        31        33        48        39        45         0       109        76       134      2753 
  1300000:      1171         0        43        16        49        61        30        32        44        53        53        96         0        70       153      2705 
  1200000:      1100         0        42        33        33        44        20        27        42        28        39        66        83         0       134      2123 
  1100000:      2450         0       111        61        80        89        51        46        65        58        69       104       130       117         0      5733 
  1000000:     96425      2270      1580      1351      1785      1593     54509       789       831       712       804      1482      1893      2163      6671         0 
