   From  :    To
         :   2601000   2600000   2500000   2400000   2300000   2100000   2000000   1900000   1800000   1700000   1600000   1500000   1300000   1200000   1100000   1000000 
  2601000:         0         0      4756      3385      6249      5326      3797      3698      4509      4050      3908      5956      4731      2597      2747      7761 
  2600000:         0         0       201       169       323       264       146       172       200       173       191       322       266       155       202       902 
  2500000:      6419       343         0       842      1353      1289       960       969      1174      1048      1048      1569      1187       612       608       443 
  2400000:      4778       290       965         0      1746      1717      1093      1226      1521      1350      1287      2037      1503       917       804       587 
  2300000:      6108       344      1563      2203         0      2871      1986      2129      2715      2414      2395      3777      2915      1841      1867      2159 
  2100000:      4818       256      1134      1537      2686         0      1908      1994      2453      2236      2379      3695      3092      2041      2157      2587 
  2000000:      4084       139       840       938      1851      1811         0      1393      1782      1602      1621      2607      2223      1487      1677     17855 
  1900000:      3169       148       819      1097      1899      1888      1342         0      1742      1640      1626      2700      2453      1647      1902      2357 
  1800000:      3870       148      1062      1312      2423      2260      1540      1648         0      1966      1881      3247      2969      2168      2498      3236 
  1700000:      3430       139       940      1145      2076      1967      1385      1496      1768         0      1644      2837      2622      1886      2378      3212 
  1600000:      3309       129       920      1147      1990      1891      1350      1432      1817      1562         0      2758      2646      1954      2494      3398 
  1500000:      5228       243      1442      1856      3281      3150      2311      2386      2950      2558      2604         0      4298      3293      4229      6154 
  1300000:      4278       300      1343      1587      2885      2721      1991      2133      2633      2325      2334      3975         0      3099      4130      6141 
  1200000:      2922       242       903      1121      1991      2029      1461      1479      1868      1546      1606      2944      2752         0      3102      7726 
  1100000:      4265       389      1144      1340      2618      2467      1850      1875      2277      1925      1925      3201      3332      2832         0     10447 
  1000000:      6791       576      1832      2142      3916      3322     18790      2399      2819      2530      2348      4358      4886      7163     11093         0 
