   From  :    To
         :   2601000   2600000   2500000   2400000   2300000   2100000   2000000   1900000   1800000   1700000   1600000   1500000   1300000   1200000   1100000   1000000 
  2601000:         0         0      5052      3481      6454      5492      3893      3790      4644      4162      4049      6203      4932      2707      2907      8591 
  2600000:         0         0       201       169       323       264       146       172       200       173       191       322       266       155       202       902 
  2500000:      6817       343         0       853      1358      1294       960       973      1180      1052      1052      1572      1199       616       613       459 
  2400000:      5027       290       967         0      1751      1719      1096      1228      1522      1351      1288      2041      1504       922       806       610 
  2300000:      6421       344      1570      2206         0      2877      1989      2130      2716      2420      2399      3790      2920      1847      1871      2249 
  2100000:      4993       256      1143      1543      2695         0      1912      1998      2457      2238      2382      3702      3097      2046      2168      2708 
  2000000:      4193       139       847       942      1856      1818         0      1396      1782      1603      1623      2611      2228      1488      1683     17928 
  1900000:      3272       148       826      1101      1901      1892      1342         0      1743      1641      1630      2702      2457      1650      1907      2434 
  1800000:      3977       148      1073      1315      2427      2266      1543      1649         0      1972      1882      3252      2972      2177      2505      3332 
  1700000:      3523       139       947      1147      2080      1968      1386      1499      1770         0      1650      2841      2623      1890      2387      3309 
  1600000:      3399       129       925      1156      1995      1895      1352      1438      1820      1563         0      2762      2650      1957      2510      3522 
  1500000:      5393       243      1450      1867      3294      3156      2315      2390      2956      2565      2607         0      4307      3303      4247      6379 
  1300000:      4429       300      1360      1598      2894      2726      1996      2140      2638      2329      2340      3988         0      3105      4152      6374 
  1200000:      3063       242       910      1132      2004      2036      1464      1484      1870      1548      1613      2950      2755         0      3110      7887 
  1100000:      4513       389      1166      1349      2643      2480      1859      1883      2280      1930      1931      3221      3354      2843         0     10948 
  1000000:      7336       576      1904      2263      4074      3455     18884      2476      2912      2612      2436      4515      5105      7362     11721         0 
