   From  :    To
         :   2601000   2600000   2500000   2400000   2300000   2100000   2000000   1900000   1800000   1700000   1600000   1500000   1300000   1200000   1100000   1000000 
  2601000:         0         0      5881      3882      7256      6235      4719      4256      5266      4740      4654      7346      5876      3236      3649     14444 
  2600000:         0         0       201       169       323       264       146       172       200       173       191       322       266       155       202       902 
  2500000:      8326       343         0       920      1383      1319       970       993      1195      1067      1069      1619      1230       638       643       556 
  2400000:      6105       290      1007         0      1777      1732      1107      1232      1530      1365      1297      2069      1523       937       830       737 
  2300000:      7792       344      1631      2237         0      2920      2005      2149      2740      2460      2424      3836      2953      1878      1939      2785 
  2100000:      5821       256      1198      1576      2729         0      1934      2027      2484      2256      2400      3751      3133      2071      2217      3326 
  2000000:      6147       139       879       962      1875      1830         0      1411      1794      1613      1638      2636      2249      1501      1730     48405 
  1900000:      3737       148       854      1124      1921      1922      1351         0      1763      1657      1639      2733      2477      1676      1937      2844 
  1800000:      4418       148      1115      1351      2465      2287      1552      1665         0      1986      1900      3275      3000      2202      2566      3893 
  1700000:      3925       139       982      1176      2103      1989      1404      1511      1787         0      1661      2860      2657      1913      2437      3839 
  1600000:      3728       129       959      1184      2017      1913      1363      1448      1831      1575         0      2790      2688      1983      2564      4152 
  1500000:      6103       243      1512      1910      3345      3200      2339      2428      2997      2593      2632         0      4375      3350      4381      7571 
  1300000:      5157       300      1423      1644      2947      2778      2017      2160      2663      2359      2381      4051         0      3160      4280      7555 
  1200000:      3714       242       946      1165      2067      2073      1493      1514      1898      1575      1644      3017      2814         0      3199      8858 
  1100000:      5849       389      1240      1429      2787      2565      1920      1937      2330      1995      1984      3345      3469      2949         0     13704 
  1000000:     10617       576      2443      2809      5098      4152     50489      2880      3345      2969      2810      5329      6165      8570     15318         0 
