   From  :    To
         :   2601000   2600000   2500000   2400000   2300000   2100000   2000000   1900000   1800000   1700000   1600000   1500000   1300000   1200000   1100000   1000000 
  2601000:         0         0      5948      3930      7327      6304      4754      4304      5328      4805      4716      7528      5986      3283      3719     14946 
  2600000:         0         0       201       169       323       264       146       172       200       173       191       322       266       155       202       902 
  2500000:      8492       343         0       928      1388      1320       973       996      1195      1067      1071      1626      1233       639       647       574 
  2400000:      6232       290      1013         0      1780      1736      1108      1232      1532      1369      1298      2072      1523       938       832       747 
  2300000:      7969       344      1635      2237         0      2926      2007      2152      2743      2465      2425      3839      2954      1878      1945      2835 
  2100000:      5929       256      1209      1580      2731         0      1936      2029      2486      2256      2402      3753      3135      2071      2219      3380 
  2000000:      6204       139       884       966      1877      1831         0      1413      1794      1614      1638      2638      2250      1502      1733     48441 
  1900000:      3784       148       854      1126      1922      1924      1353         0      1763      1657      1639      2733      2478      1676      1938      2889 
  1800000:      4456       148      1116      1352      2472      2290      1552      1665         0      1986      1900      3277      3003      2203      2568      3953 
  1700000:      3960       139       984      1178      2104      1990      1405      1511      1787         0      1661      2860      2657      1913      2442      3899 
  1600000:      3746       129       963      1189      2020      1914      1363      1449      1831      1576         0      2791      2688      1983      2567      4210 
  1500000:      6153       243      1523      1914      3348      3201      2339      2428      2997      2593      2633         0      4377      3350      4391      7738 
  1300000:      5206       300      1427      1648      2952      2780      2019      2160      2664      2360      2381      4052         0      3162      4285      7673 
  1200000:      3763       242       946      1167      2069      2076      1495      1515      1899      1576      1644      3020      2817         0      3203      8918 
  1100000:      5989       389      1246      1432      2806      2570      1922      1938      2330      1997      1988      3346      3472      2950         0     13937 
  1000000:     10994       576      2543      2886      5235      4246     50552      2920      3392      2996      2832      5371      6230      8647     15621         0 
