   From  :    To
         :   2601000   2600000   2500000   2400000   2300000   2100000   2000000   1900000   1800000   1700000   1600000   1500000   1300000   1200000   1100000   1000000 
  2601000:         0         0         1         0         0         0         0         0         0         0         0         0         0         0         0         1 
  2600000:         0         0      2025      1213      2726      2237      2095      1399      1413      1657      1426      2351      2933      1273      1424     23346 
  2500000:         0      3364         0       109       125        89        60        56        72        44        61        98        85        56        83       245 
  2400000:         0      2527       105         0        96        68        61        54        53        43        59        93        72        56        73       240 
  2300000:         0      4733       168       112         0       142       237        95        90       158       106       164       300       103       191      2192 
  2100000:         0      2337       178       122       126         0       115       107       120        99       114       192       181       123       165      1331 
  2000000:         0      2464       115        71      1709       105         0        94        98       210        86       137       260        87       141      1850 
  1900000:         0      1100        88        60        99       106        75         0       113       101        80       151       127       103       168      1023 
  1800000:         0      1114        86        66       101       113        95       109         0       126       100       203       164       119       171      1251 
  1700000:         0      1355        73        71       398       101      2173        86        99         0        95       195       588       127       202      3575 
  1600000:         0       932        67        74       113       116        87        95       108        93         0       203       215       142       209      1395 
  1500000:         0      1525       140        96       190       193       142       142       195       197       210         0       476       297       410      2700 
  1300000:         0      1889       142       127       411       174       418       136       177      3536       192       479         0       387       499      5874 
  1200000:         0      1377        97        95       131       124        93       103       121       119       165       326       373         0       523      2755 
  1100000:         0      2291       167       177       249       195       155       126       183       188       203       351       486       483         0      7292 
  1000000:         1     20510      1095      1207      2317      1547      1621       792       976      2567       952      1970      8181      3046      8287         0 
