   From  :    To
         :   2601000   2600000   2500000   2400000   2300000   2100000   2000000   1900000   1800000   1700000   1600000   1500000   1300000   1200000   1100000   1000000 
  2601000:         0         0        69        43       112       161        45        53        72        67        67       147       127        61        81      1380 
  2600000:         0         0         0         0         0         0         0         0         0         0         0         1         0         0         0      2270 
  2500000:       164         0         0        14        10        14        14         6        11         9         8        13        12         2        10        88 
  2400000:       122         0        14         0         8         9         4         6         5         7         6        13         9         8         9        78 
  2300000:       123         3         3         7         0         7         6         5         9         6         8        14        10        13        19       207 
  2100000:       125         0        11         5         6         0        10         8         9         5         4        16        14         6         8       143 
  2000000:        53         0         3         3         7         5         0         2         2         0         1         4         6         0         8       111 
  1900000:        34         0         2         3         8         3         3         0         4         2         1         7         3         5         5        81 
  1800000:        42         0         2         2         4         2         3         3         0         6         2         8         2         7        12       122 
  1700000:        29         0         5         1         8         0         2         1         1         0         2        10         7         6         9       105 
  1600000:        23         0         3         7         5         2         2         1         6         0         0         8         6         6        10       109 
  1500000:        44         0         7         6         8         5         5         4         4         2         4         0        11        13        17       248 
  1300000:        32         0         4         4         7         8         4         3         8        10         7         7         0        10        15       281 
  1200000:        47         0         3         5         8        10         1         3         5         5         4        18         9         0        13       187 
  1100000:       108         0        12         9         7        11         6         8         8         5         2        10        15         8         0       386 
  1000000:      1538      2268       237       189       242       133       100        58        73        62        72       102       169       173       379         0 
