   From  :    To
         :   2601000   2600000   2500000   2400000   2300000   2100000   2000000   1900000   1800000   1700000   1600000   1500000   1300000   1200000   1100000   1000000 
  2601000:         0         0      4060      3182      5759      5012      3619      3501      4268      3827      3714      5585      4379      2413      2492      6419 
  2600000:         0         0       201       169       323       264       146       172       200       173       191       322       266       155       202       902 
  2500000:      5445       343         0       831      1343      1279       957       965      1171      1045      1042      1563      1174       609       602       416 
  2400000:      4349       290       956         0      1735      1711      1088      1223      1519      1345      1279      2029      1498       915       798       576 
  2300000:      5470       344      1541      2187         0      2866      1980      2118      2704      2408      2387      3757      2903      1832      1842      1978 
  2100000:      4491       256      1110      1519      2674         0      1904      1990      2445      2230      2371      3684      3080      2038      2139      2397 
  2000000:      3909       139       832       932      1843      1808         0      1385      1779      1597      1615      2599      2217      1482      1668     17731 
  1900000:      2988       148       806      1092      1896      1880      1335         0      1740      1636      1621      2695      2442      1642      1893      2224 
  1800000:      3734       148      1052      1301      2412      2252      1535      1645         0      1964      1877      3237      2960      2158      2478      3051 
  1700000:      3294       139       931      1143      2066      1960      1382      1492      1765         0      1638      2828      2610      1876      2359      3034 
  1600000:      3196       129       903      1143      1983      1883      1346      1429      1813      1560         0      2752      2638      1947      2478      3210 
  1500000:      5019       243      1424      1843      3266      3133      2307      2380      2942      2551      2593         0      4283      3275      4184      5823 
  1300000:      4062       300      1311      1568      2863      2708      1983      2125      2624      2313      2326      3959         0      3082      4087      5762 
  1200000:      2731       242       893      1109      1984      2016      1450      1472      1859      1540      1597      2931      2732         0      3066      7440 
  1100000:      3821       389      1120      1319      2583      2441      1840      1859      2264      1912      1910      3167      3303      2806         0      9485 
  1000000:      5720       576      1645      1973      3587      3115     18664      2282      2711      2416      2249      4158      4588      6832      9931         0 
