   From  :    To
         :   2601000   2600000   2500000   2400000   2300000   2100000   2000000   1900000   1800000   1700000   1600000   1500000   1300000   1200000   1100000   1000000 
  2601000:         0         0      3725      3100      5580      4904      3515      3408      4173      3713      3591      5392      4210      2333      2376      5546 
  2600000:         0         0       201       169       323       264       146       172       200       173       191       322       266       155       202       902 
  2500000:      5015       343         0       824      1341      1276       955       964      1170      1043      1039      1557      1172       609       599       406 
  2400000:      4136       290       952         0      1735      1708      1087      1223      1518      1343      1279      2028      1497       914       793       567 
  2300000:      5181       344      1534      2181         0      2862      1976      2117      2697      2405      2384      3751      2901      1826      1839      1896 
  2100000:      4331       256      1104      1513      2670         0      1904      1987      2441      2226      2370      3681      3076      2036      2135      2317 
  2000000:      3815       139       827       931      1840      1805         0      1379      1777      1597      1613      2597      2215      1479      1662     17654 
  1900000:      2909       148       803      1088      1893      1878      1333         0      1737      1635      1621      2692      2440      1640      1887      2153 
  1800000:      3655       148      1047      1299      2410      2251      1535      1645         0      1963      1877      3236      2957      2157      2475      2968 
  1700000:      3211       139       924      1139      2063      1957      1380      1491      1764         0      1636      2825      2608      1873      2353      2943 
  1600000:      3124       129       899      1142      1982      1883      1346      1429      1812      1559         0      2749      2637      1944      2474      3093 
  1500000:      4918       243      1416      1834      3260      3127      2306      2380      2942      2551      2590         0      4279      3270      4176      5629 
  1300000:      3955       300      1300      1558      2856      2705      1982      2123      2623      2312      2322      3950         0      3079      4073      5569 
  1200000:      2601       242       892      1101      1979      2013      1447      1470      1858      1537      1593      2923      2730         0      3047      7297 
  1100000:      3552       389      1113      1307      2564      2429      1836      1856      2259      1909      1908      3158      3291      2796         0      9050 
  1000000:      5162       576      1576      1884      3398      2985     18582      2213      2652      2340      2188      4060      4428      6619      9326         0 
