   From  :    To
         :   2601000   2600000   2500000   2400000   2300000   2100000   2000000   1900000   1800000   1700000   1600000   1500000   1300000   1200000   1100000   1000000 
  2601000:         0         0         1         0         0         0         0         0         0         0         0         0         0         0         0         1 
  2600000:         0         0      1330       765      1305      1214       832       740       815       711       795      1327      1154       701       716     12398 
  2500000:         0      2065         0        85        89        52        37        40        55        36        47        71        67        40        55       154 
  2400000:         0      1469        79         0        74        46        45        44        49        31        51        70        54        41        49       147 
  2300000:         0      1645       127        86         0       103        68        79        79        74        84       132       131        80       141       674 
  2100000:         0      1238       101        78        96         0        85        74        98        84        98       169       150       104       110       760 
  2000000:         0       862        65        53        63        78         0        75        77        76        66       109       103        69       104       490 
  1900000:         0       588        55        47        78        89        60         0       103        83        75       137       107        83       119       578 
  1800000:         0       631        67        53        78        88        81        99         0       110        87       177       147       106       122       759 
  1700000:         0       481        51        56        69        81        70        80        88         0        87       170       192       111       152       697 
  1600000:         0       539        51        54        90        95        69        85        96        83         0       178       195       127       162       817 
  1500000:         0       887       109        73       150       161       121       123       172       171       188         0       437       257       311      1673 
  1300000:         0       880       102        90       153       137       119       118       160       166       168       439         0       336       403      1946 
  1200000:         0       716        69        64        96        92        74        88       107       104       140       288       335         0       444      1892 
  1100000:         0      1117        98        96       168       133       119        95       132       152       160       297       412       406         0      4939 
  1000000:         1     11685       588       649       994       876       510       462       574       504       595      1269      1733      2048      5436         0 
