   From  :    To
         :   2601000   2600000   2500000   2400000   2300000   2100000   2000000   1900000   1800000   1700000   1600000   1500000   1300000   1200000   1100000   1000000 
  2601000:         0         0         1         0         0         0         0         0         0         0         0         0         0         0         0         1 
  2600000:         0         0      1443       832      1480      1432      1043       883       938       823       936      1554      1353       810       862     13385 
  2500000:         0      2333         0        87        99        59        40        44        58        38        51        75        70        44        59       177 
  2400000:         0      1700        81         0        81        52        49        45        51        34        51        75        58        43        53       163 
  2300000:         0      1903       134        90         0       108        69        84        81        77        87       138       137        84       146       775 
  2100000:         0      1476       118        83       100         0        87        78       100        84        99       172       153       107       117       880 
  2000000:         0      1052        77        56        64        83         0        78        80        76        68       111       105        70       113       568 
  1900000:         0       675        62        50        80        92        61         0       104        85        77       138       108        84       127       677 
  1800000:         0       712        71        55        79        91        82        99         0       112        89       180       153       106       134       860 
  1700000:         0       550        57        61        71        83        76        80        89         0        88       172       196       111       152       811 
  1600000:         0       606        53        57        92        96        70        85        96        84         0       180       196       128       167       949 
  1500000:         0       996       118        78       164       165       123       125       174       178       190         0       440       263       328      1888 
  1300000:         0       995       107        93       161       141       120       118       160       169       170       446         0       339       425      2152 
  1200000:         0       832        73        69       100        97        78        89       110       105       142       293       338         0       451      2048 
  1100000:         0      1395       110       115       185       145       124        98       137       157       170       304       424       411         0      5304 
  1000000:         1     12549       729       810      1157      1010       579       514       645       575       641      1392      1865      2225      5945         0 
