   From  :    To
         :   2601000   2600000   2500000   2400000   2300000   2100000   2000000   1900000   1800000   1700000   1600000   1500000   1300000   1200000   1100000   1000000 
  2601000:         0         0      6976      4468      8407      7193      5338      4938      6064      5637      5604      9134      7296      3919      4610     21077 
  2600000:         0         0       201       169       323       264       146       172       200       173       191       322       266       155       202       902 
  2500000:     10420       343         0      1026      1432      1358       992      1017      1220      1087      1097      1688      1284       654       677       711 
  2400000:      7681       290      1055         0      1811      1758      1128      1248      1550      1389      1323      2116      1562       959       853       903 
  2300000:      9679       344      1716      2299         0      2965      2039      2179      2780      2512      2466      3903      3005      1921      2040      3562 
  2100000:      7002       256      1257      1623      2785         0      1962      2064      2513      2277      2417      3804      3185      2088      2310      4092 
  2000000:      6843       139       915       983      1906      1853         0      1435      1808      1632      1658      2668      2279      1527      1791     48938 
  1900000:      4406       148       892      1145      1966      1956      1365         0      1773      1667      1652      2768      2505      1704      1985      3455 
  1800000:      5063       148      1167      1387      2511      2312      1579      1686         0      2002      1922      3313      3036      2249      2647      4645 
  1700000:      4495       139      1035      1216      2152      2021      1417      1518      1808         0      1676      2894      2709      1947      2509      4653 
  1600000:      4216       129      1018      1233      2058      1949      1380      1462      1849      1589         0      2832      2739      2013      2647      5102 
  1500000:      7066       243      1593      1977      3417      3251      2371      2469      3037      2632      2678         0      4459      3427      4548      9374 
  1300000:      6179       300      1508      1710      3022      2829      2051      2194      2708      2406      2426      4110         0      3236      4445      9251 
  1200000:      4613       242      1007      1216      2154      2118      1526      1548      1938      1614      1692      3096      2900         0      3363     10103 
  1100000:      7830       389      1359      1538      2994      2690      1981      2015      2412      2053      2078      3482      3599      3074         0     17441 
  1000000:     15167       576      3307      3636      6472      5118     51100      3442      4007      3519      3336      6412      7551     10257     20308         0 
