   From  :    To
         :   2601000   2600000   2500000   2400000   2300000   2100000   2000000   1900000   1800000   1700000   1600000   1500000   1300000   1200000   1100000   1000000 
  2601000:         0         0      7235      4571      8721      7349      5410      5036      6179      5746      5723      9364      7505      4045      4740     21727 
  2600000:         0         0       201       169       323       264       146       172       200       173       191       322       266       155       202       902 
  2500000:     10800       343         0      1035      1434      1361       997      1017      1223      1088      1099      1691      1288       658       681       721 
  2400000:      7922       290      1058         0      1812      1760      1130      1250      1555      1391      1323      2118      1566       963       854       918 
  2300000:     10079       344      1722      2304         0      2969      2042      2182      2782      2517      2468      3907      3010      1924      2051      3651 
  2100000:      7163       256      1263      1627      2787         0      1962      2067      2515      2280      2419      3807      3188      2089      2322      4190 
  2000000:      6931       139       918       988      1909      1854         0      1441      1808      1637      1659      2669      2282      1528      1797     48994 
  1900000:      4490       148       895      1148      1966      1957      1366         0      1773      1669      1653      2770      2509      1706      1989      3536 
  1800000:      5139       148      1168      1389      2513      2314      1580      1686         0      2003      1923      3315      3040      2251      2656      4748 
  1700000:      4561       139      1042      1217      2154      2024      1417      1518      1811         0      1676      2896      2710      1948      2517      4743 
  1600000:      4293       129      1021      1235      2059      1950      1384      1464      1850      1591         0      2833      2741      2017      2655      5197 
  1500000:      7183       243      1602      1980      3423      3257      2375      2473      3039      2634      2682         0      4463      3429      4567      9557 
  1300000:      6259       300      1518      1717      3027      2833      2052      2197      2713      2407      2428      4118         0      3240      4457      9456 
  1200000:      4696       242      1014      1217      2162      2120      1529      1548      1939      1618      1692      3101      2903         0      3377     10247 
  1100000:      8063       389      1366      1548      3011      2694      1987      2021      2418      2057      2086      3491      3602      3076         0     17824 
  1000000:     15771       576      3413      3765      6651      5229     51177      3503      4068      3562      3397      6505      7649     10376     20768         0 
