   From  :    To
         :   2601000   2600000   2500000   2400000   2300000   2100000   2000000   1900000   1800000   1700000   1600000   1500000   1300000   1200000   1100000   1000000 
  2601000:         0         0      6064      4019      7508      6438      4839      4398      5446      4942      4868      7803      6194      3397      3886     16105 
  2600000:         0         0       201       169       323       264       146       172       200       173       191       322       266       155       202       902 
  2500000:      8780       343         0       948      1397      1325       976       999      1201      1070      1076      1637      1242       640       656       595 
  2400000:      6493       290      1021         0      1785      1738      1113      1233      1535      1370      1301      2079      1528       941       836       774 
  2300000:      8276       344      1654      2249         0      2932      2014      2156      2751      2471      2432      3848      2959      1884      1962      2959 
  2100000:      6109       256      1218      1586      2742         0      1942      2031      2491      2258      2405      3763      3141      2071      2235      3487 
  2000000:      6309       139       887       968      1885      1834         0      1414      1797      1617      1639      2642      2255      1507      1742     48514 
  1900000:      3894       148       861      1130      1927      1931      1355         0      1764      1658      1641      2742      2480      1681      1947      2981 
  1800000:      4552       148      1122      1359      2477      2293      1556      1668         0      1989      1903      3284      3008      2209      2580      4080 
  1700000:      4059       139       994      1186      2113      1997      1406      1513      1787         0      1663      2866      2671      1917      2451      4021 
  1600000:      3827       129       967      1195      2029      1916      1365      1452      1834      1578         0      2801      2694      1987      2583      4377 
  1500000:      6293       243      1529      1923      3362      3211      2343      2438      3006      2600      2639         0      4397      3361      4427      8025 
  1300000:      5381       300      1444      1655      2961      2786      2021      2166      2671      2365      2390      4061         0      3168      4312      7959 
  1200000:      3899       242       952      1172      2080      2080      1501      1520      1907      1582      1652      3036      2836         0      3241      9131 
  1100000:      6292       389      1275      1446      2829      2590      1930      1963      2343      2010      2005      3365      3493      2971         0     14591 
  1000000:     11742       576      2696      3032      5473      4400     50642      3017      3495      3100      2929      5548      6476      8942     16432         0 
