   From  :    To
         :   2601000   2600000   2500000   2400000   2300000   2100000   2000000   1900000   1800000   1700000   1600000   1500000   1300000   1200000   1100000   1000000 
  2601000:         0         0      6016      3981      7416      6370      4804      4345      5380      4874      4784      7659      6093      3333      3781     15515 
  2600000:         0         0       201       169       323       264       146       172       200       173       191       322       266       155       202       902 
  2500000:      8633       343         0       938      1394      1322       975       998      1200      1067      1075      1632      1240       639       648       586 
  2400000:      6382       290      1016         0      1781      1736      1111      1232      1534      1369      1301      2075      1523       939       835       766 
  2300000:      8130       344      1644      2242         0      2929      2014      2154      2747      2469      2429      3841      2957      1882      1957      2898 
  2100000:      6031       256      1214      1585      2735         0      1940      2029      2490      2257      2404      3759      3135      2071      2223      3430 
  2000000:      6263       139       886       968      1883      1832         0      1414      1795      1616      1639      2640      2253      1505      1740     48486 
  1900000:      3842       148       858      1130      1926      1926      1354         0      1764      1657      1640      2739      2480      1679      1940      2926 
  1800000:      4513       148      1118      1357      2475      2292      1556      1667         0      1989      1903      3284      3007      2207      2575      4010 
  1700000:      4017       139       990      1182      2111      1993      1406      1512      1787         0      1662      2865      2666      1916      2446      3960 
  1600000:      3793       129       965      1194      2027      1916      1365      1451      1834      1577         0      2798      2690      1986      2574      4287 
  1500000:      6222       243      1526      1921      3356      3206      2343      2432      3005      2599      2638         0      4392      3356      4405      7876 
  1300000:      5272       300      1436      1655      2959      2785      2021      2166      2670      2364      2387      4056         0      3166      4302      7806 
  1200000:      3813       242       949      1169      2078      2076      1498      1519      1907      1579      1650      3030      2825         0      3222      9011 
  1100000:      6107       389      1259      1440      2815      2580      1926      1953      2340      2005      1997      3353      3484      2959         0     14198 
  1000000:     11332       576      2612      2959      5358      4332     50600      2965      3448      3057      2886      5467      6334      8775     15955         0 
