   From  :    To
         :   2601000   2600000   2500000   2400000   2300000   2100000   2000000   1900000   1800000   1700000   1600000   1500000   1300000   1200000   1100000   1000000 
  2601000:         0         0       138       107       195       235        82        98       127       115       114       236       200       114       155     47649 
  2600000:         0         0         0         0         0         0         1         0         0         0         0         1         0         0         0      2270 
  2500000:       317         0         0        17        10        14        15         6        11        10         9        15        15         5        14       112 
  2400000:       257         0        16         0        11        16         6         9         9         9         9        16        11         9        12       111 
  2300000:       228         4         6         8         0        13        10         5        10         7        13        17        13        20        24       301 
  2100000:       193         0        12         6        13         0        13         9        12         5         6        20        15        10        14       228 
  2000000:        88         0         5         5        15         7         0         2         5         0         2         4        11         2        13       157 
  1900000:        75         0         3         3        10         5         3         0         7         3         1         8         4         7        12       138 
  1800000:        77         0         2         7         5         4         5         5         0         6         3        12         7        11        20       210 
  1700000:        60         0         8         1        10         1         5         2         1         0         4        10         7         8        15       184 
  1600000:        55         0         8        15         6         4         5         2        11         2         0         9        10         9        13       181 
  1500000:       110         0        10        14        13         5         6         6         6         2         5         0        22        19        26       412 
  1300000:        91         0         8         8        14        11         8         5        10        16         9        19         0        16        24       482 
  1200000:       106         0        12         9         9        13         4         5         9         7         8        24        20         0        26       437 
  1100000:       223         0        21        16        14        19        10        11        12        10        11        21        30        18         0       964 
  1000000:     47684      2268       321       285       354       209       143       114       144       124       136       244       356       441      1012         0 
