   From  :    To
         :   2601000   2600000   2500000   2400000   2300000   2100000   2000000   1900000   1800000   1700000   1600000   1500000   1300000   1200000   1100000   1000000 
  2601000:         0         0      9037      5106      9671      7951      5803      5502      6723      6224      6238     10326      8266      4545      5293     25363 
  2600000:         0         0       201       169       323       264       146       172       200       173       191       322       266       155       202       902 
  2500000:     13185       343         0      1070      1450      1375      1005      1025      1230      1094      1107      1714      1304       669       691       762 
  2400000:      9050       290      1081         0      1826      1773      1136      1256      1563      1397      1328      2129      1576       972       866       976 
  2300000:     11304       344      1769      2343         0      2987      2059      2195      2805      2529      2479      3926      3028      1941      2085      4068 
  2100000:      7811       256      1304      1665      2807         0      1970      2080      2528      2290      2432      3821      3203      2099      2354      4595 
  2000000:      7297       139       947      1006      1930      1862         0      1452      1815      1644      1668      2686      2297      1535      1820     49283 
  1900000:      4864       148       924      1168      1988      1964      1374         0      1782      1674      1659      2777      2522      1714      2023      3883 
  1800000:      5494       148      1207      1417      2535      2336      1587      1696         0      2011      1936      3340      3056      2267      2690      5176 
  1700000:      4883       139      1067      1231      2168      2036      1430      1525      1821         0      1682      2914      2722      1978      2558      5126 
  1600000:      4591       129      1053      1260      2080      1960      1396      1470      1863      1600         0      2862      2794      2229      2806      5710 
  1500000:      7771       243      1645      2017      3463      3289      2392      2484      3058      2655      2706         0      4650      4172      4983     10811 
  1300000:      6901       300      1566      1755      3057      2857      2069      2215      2726      2423      2450      4571         0      8900      6576     14934 
  1200000:      5338       242      1057      1250      2194      2141      1538      1560      1970      1638      1855      3769      7823         0      6633     16195 
  1100000:      9225       389      1420      1628      3099      2748      2038      2058      2455      2098      2251      3857      6544      6433         0     21653 
  1000000:     18333       576      3746      4134      7271      5672     51438      3774      4357      3830      3821      7325     13249     15594     26316         0 
