   From  :    To
         :   2601000   2600000   2500000   2400000   2300000   2100000   2000000   1900000   1800000   1700000   1600000   1500000   1300000   1200000   1100000   1000000 
  2601000:         0         0      8637      5004      9515      7851      5729      5414      6640      6147      6146     10181      8154      4467      5234     24858 
  2600000:         0         0       201       169       323       264       146       172       200       173       191       322       266       155       202       902 
  2500000:     12697       343         0      1066      1448      1372      1004      1024      1230      1094      1106      1711      1302       668       689       758 
  2400000:      8832       290      1076         0      1825      1772      1135      1256      1563      1397      1328      2129      1574       972       864       973 
  2300000:     11074       344      1761      2339         0      2986      2056      2195      2801      2527      2479      3925      3027      1941      2085      4008 
  2100000:      7707       256      1299      1659      2805         0      1970      2078      2527      2288      2432      3821      3203      2097      2351      4530 
  2000000:      7231       139       943      1002      1928      1859         0      1451      1814      1644      1668      2686      2297      1535      1818     49230 
  1900000:      4803       148       917      1162      1984      1963      1373         0      1782      1674      1658      2777      2522      1712      2021      3820 
  1800000:      5436       148      1200      1411      2532      2335      1586      1696         0      2009      1936      3339      3055      2267      2686      5117 
  1700000:      4833       139      1066      1229      2167      2035      1430      1525      1820         0      1682      2913      2721      1978      2557      5070 
  1600000:      4552       129      1048      1252      2078      1960      1396      1470      1863      1600         0      2861      2792      2228      2801      5635 
  1500000:      7689       243      1638      2009      3455      3286      2391      2484      3057      2654      2705         0      4649      4171      4975     10694 
  1300000:      6793       300      1554      1752      3054      2856      2068      2211      2725      2423      2449      4566         0      8898      6567     14826 
  1200000:      5245       242      1055      1244      2188      2137      1537      1558      1970      1636      1854      3769      7821         0      6627     16087 
  1100000:      9092       389      1414      1618      3077      2739      2029      2053      2452      2095      2250      3853      6539      6429         0     21449 
  1000000:     17992       576      3703      4070      7169      5608     51395      3729      4309      3804      3781      7247     13120     15452     26001         0 
