   From  :    To
         :   2601000   2600000   2500000   2400000   2300000   2100000   2000000   1900000   1800000   1700000   1600000   1500000   1300000   1200000   1100000   1000000 
  2601000:         0         0      6080      4023      7513      6442      4842      4399      5449      4945      4874      7811      6197      3399      3888     16115 
  2600000:         0         0       201       169       323       264       146       172       200       173       191       322       266       155       202       902 
  2500000:      8797       343         0       953      1398      1325       976       999      1201      1070      1076      1637      1242       640       656       596 
  2400000:      6505       290      1024         0      1785      1739      1115      1233      1535      1370      1301      2079      1529       942       836       774 
  2300000:      8282       344      1654      2250         0      2934      2015      2158      2752      2472      2433      3851      2960      1885      1965      2963 
  2100000:      6113       256      1218      1587      2743         0      1942      2031      2491      2259      2405      3767      3141      2071      2237      3492 
  2000000:      6313       139       887       968      1886      1837         0      1415      1797      1617      1640      2644      2256      1507      1743     48517 
  1900000:      3898       148       862      1130      1928      1932      1355         0      1764      1658      1642      2744      2480      1682      1947      2983 
  1800000:      4552       148      1123      1360      2478      2293      1557      1668         0      1990      1904      3285      3009      2211      2581      4082 
  1700000:      4064       139       994      1186      2114      1997      1406      1513      1787         0      1663      2867      2671      1919      2454      4023 
  1600000:      3829       129       967      1196      2029      1919      1366      1454      1834      1579         0      2802      2699      1989      2584      4380 
  1500000:      6299       243      1530      1924      3365      3212      2346      2441      3007      2600      2640         0      4398      3362      4431      8037 
  1300000:      5382       300      1444      1657      2964      2786      2021      2166      2672      2367      2393      4063         0      3169      4315      7973 
  1200000:      3902       242       952      1172      2082      2080      1503      1520      1907      1582      1653      3036      2837         0      3244      9145 
  1100000:      6295       389      1275      1448      2829      2590      1932      1964      2346      2013      2009      3366      3498      2973         0     14615 
  1000000:     11745       576      2698      3034      5481      4403     50644      3020      3499      3102      2932      5561      6489      8953     16459         0 
