   From  :    To
         :   2601000   2600000   2500000   2400000   2300000   2100000   2000000   1900000   1800000   1700000   1600000   1500000   1300000   1200000   1100000   1000000 
  2601000:         0         0      6152      4054      7604      6519      4887      4458      5503      5017      4950      7940      6298      3452      3953     16652 
  2600000:         0         0       201       169       323       264       146       172       200       173       191       322       266       155       202       902 
  2500000:      8950       343         0       962      1400      1327       977      1002      1203      1073      1077      1641      1245       640       658       603 
  2400000:      6619       290      1026         0      1786      1744      1117      1233      1536      1373      1303      2084      1533       943       836       783 
  2300000:      8396       344      1659      2253         0      2935      2016      2159      2754      2476      2436      3854      2969      1887      1967      3029 
  2100000:      6196       256      1220      1588      2746         0      1944      2032      2495      2259      2406      3769      3143      2072      2241      3548 
  2000000:      6374       139       888       970      1888      1837         0      1416      1799      1619      1641      2646      2257      1509      1746     48560 
  1900000:      3961       148       864      1131      1932      1934      1355         0      1764      1659      1642      2745      2480      1682      1950      3036 
  1800000:      4611       148      1129      1363      2484      2297      1560      1672         0      1991      1906      3289      3011      2211      2585      4128 
  1700000:      4119       139       996      1188      2116      1998      1408      1514      1791         0      1663      2870      2673      1922      2458      4084 
  1600000:      3869       129       972      1203      2031      1919      1369      1454      1835      1580         0      2803      2700      1989      2590      4449 
  1500000:      6382       243      1532      1929      3366      3212      2348      2445      3009      2602      2641         0      4402      3364      4435      8164 
  1300000:      5440       300      1448      1664      2967      2789      2024      2168      2674      2368      2395      4066         0      3173      4328      8073 
  1200000:      3958       242       958      1175      2085      2082      1505      1521      1911      1584      1654      3038      2838         0      3255      9230 
  1100000:      6419       389      1282      1452      2841      2596      1935      1969      2347      2015      2014      3373      3503      2977         0     14843 
  1000000:     12144       576      2774      3105      5565      4462     50698      3068      3564      3150      2973      5634      6559      9060     16751         0 
