   From  :    To
         :   2601000   2600000   2500000   2400000   2300000   2100000   2000000   1900000   1800000   1700000   1600000   1500000   1300000   1200000   1100000   1000000 
  2601000:         0         0      8317      4912      9279      7710      5631      5312      6513      6040      6025      9998      7987      4342      5089     23950 
  2600000:         0         0       201       169       323       264       146       172       200       173       191       322       266       155       202       902 
  2500000:     12265       343         0      1058      1442      1368      1000      1023      1227      1092      1105      1706      1299       666       687       746 
  2400000:      8613       290      1071         0      1816      1767      1132      1256      1560      1394      1326      2125      1574       972       860       963 
  2300000:     10820       344      1749      2332         0      2980      2053      2191      2793      2523      2476      3921      3018      1935      2075      3911 
  2100000:      7568       256      1288      1650      2797         0      1968      2073      2522      2287      2426      3818      3198      2093      2341      4437 
  2000000:      7143       139       934       999      1921      1856         0      1447      1811      1643      1668      2678      2291      1534      1813     49164 
  1900000:      4708       148       912      1159      1978      1963      1370         0      1780      1672      1655      2775      2515      1708      2014      3759 
  1800000:      5350       148      1189      1404      2527      2330      1583      1692         0      2005      1933      3331      3048      2259      2677      5019 
  1700000:      4731       139      1063      1222      2164      2028      1425      1522      1818         0      1680      2909      2716      1954      2536      4985 
  1600000:      4476       129      1039      1249      2070      1960      1392      1467      1855      1597         0      2842      2755      2029      2686      5459 
  1500000:      7549       243      1628      2001      3448      3272      2383      2482      3051      2643      2701         0      4487      3454      4607     10136 
  1300000:      6626       300      1545      1741      3045      2850      2064      2209      2719      2416      2440      4148         0      3266      4509      9986 
  1200000:      5071       242      1042      1236      2181      2131      1536      1554      1955      1627      1709      3121      2936         0      3420     10729 
  1100000:      8780       389      1400      1597      3065      2718      2015      2040      2439      2083      2109      3530      3645      3127         0     19072 
  1000000:     17404       576      3649      3990      7065      5525     51343      3676      4252      3697      3561      6861      8129     10996     22493         0 
