   From  :    To
         :   2601000   2600000   2500000   2400000   2300000   2100000   2000000   1900000   1800000   1700000   1600000   1500000   1300000   1200000   1100000   1000000 
  2601000:         0         0      8041      4804      9108      7597      5558      5215      6382      5933      5898      9759      7776      4224      4923     22919 
  2600000:         0         0       201       169       323       264       146       172       200       173       191       322       266       155       202       902 
  2500000:     11859       343         0      1043      1440      1366       999      1022      1226      1091      1104      1701      1297       665       686       740 
  2400000:      8380       290      1068         0      1815      1766      1131      1254      1559      1393      1325      2122      1569       968       857       944 
  2300000:     10583       344      1739      2318         0      2975      2050      2189      2791      2522      2472      3919      3016      1931      2069      3810 
  2100000:      7431       256      1281      1645      2795         0      1967      2071      2522      2286      2425      3818      3197      2091      2338      4334 
  2000000:      7055       139       929       997      1917      1855         0      1442      1809      1642      1664      2678      2291      1533      1810     49098 
  1900000:      4637       148       909      1156      1975      1962      1369         0      1779      1672      1654      2774      2512      1708      2007      3671 
  1800000:      5284       148      1183      1399      2522      2325      1583      1691         0      2005      1931      3326      3048      2258      2673      4894 
  1700000:      4663       139      1054      1220      2157      2026      1422      1521      1816         0      1678      2904      2715      1952      2534      4897 
  1600000:      4387       129      1034      1243      2068      1956      1388      1467      1854      1596         0      2839      2749      2026      2676      5344 
  1500000:      7382       243      1618      1995      3442      3266      2382      2481      3045      2639      2697         0      4480      3450      4592      9907 
  1300000:      6442       300      1532      1731      3039      2847      2059      2202      2719      2413      2431      4142         0      3256      4488      9746 
  1200000:      4887       242      1029      1227      2174      2128      1532      1550      1953      1625      1706      3116      2926         0      3404     10506 
  1100000:      8423       389      1387      1578      3044      2711      2004      2033      2435      2075      2096      3515      3627      3105         0     18538 
  1000000:     16723       576      3577      3916      6909      5413     51269      3623      4180      3633      3484      6684      7878     10683     21701         0 
