   From  :    To
         :   2601000   2600000   2500000   2400000   2300000   2100000   2000000   1900000   1800000   1700000   1600000   1500000   1300000   1200000   1100000   1000000 
  2601000:         0         0         1         0         0         0         0         0         0         0         0         0         0         0         0         1 
  2600000:         0         0      2025      1213      2592      2237      1896      1398      1413      1433      1425      2350      2489      1273      1424     20771 
  2500000:         0      3364         0       109       125        89        59        56        72        44        61        98        85        56        83       244 
  2400000:         0      2527       105         0        96        68        61        54        53        43        59        93        72        56        73       240 
  2300000:         0      3867       168       112         0       142       236        95        90       157       106       164       297       103       191      2143 
  2100000:         0      2337       178       122       126         0       115       107       120        98       114       192       180       123       165      1331 
  2000000:         0      2111       115        71      1167       105         0        94        98       209        86       137       257        87       141      1819 
  1900000:         0      1100        88        60        98       106        75         0       113       101        80       151       127       103       168      1022 
  1800000:         0      1114        86        66       101       113        95       109         0       126       100       203       164       119       171      1250 
  1700000:         0      1209        73        71       283       101      1610        86        99         0        95       195       588       126       202      3539 
  1600000:         0       932        67        74       113       116        87        95       108        93         0       203       214       141       209      1390 
  1500000:         0      1525       140        96       190       193       142       142       195       197       210         0       475       296       408      2690 
  1300000:         0      1831       142       127       331       174       338       136       176      3012       192       479         0       385       499      5825 
  1200000:         0      1375        96        95       131       124        93       102       121       119       163       326       370         0       522      2716 
  1100000:         0      2290       167       177       249       193       155       126       183       188       203       351       484       482         0      7167 
  1000000:         1     18357      1094      1207      2269      1547      1535       792       976      2457       948      1957      7845      3003      8159         0 
