   From  :    To
         :   2601000   2600000   2500000   2400000   2300000   2100000   2000000   1900000   1800000   1700000   1600000   1500000   1300000   1200000   1100000   1000000 
  2601000:         0         0         1         0         0         0         0         0         0         0         0         0         0         0         0         1 
  2600000:         0         0      1867      1133      2463      2107      1745      1292      1306      1336      1314      2150      2302      1161      1278     19921 
  2500000:         0      3107         0       107       122        85        56        56        71        43        61        92        79        52        74       232 
  2400000:         0      2335       100         0        93        68        57        53        53        43        59        90        68        53        70       221 
  2300000:         0      3695       162       111         0       140       234        94        90       155       104       160       292       101       184      2048 
  2100000:         0      2190       172       115       120         0       115       106       116        97       112       190       175       120       156      1237 
  2000000:         0      1963       109        70      1165       103         0        93        97       207        83       133       254        85       133      1746 
  1900000:         0      1028        84        59        95       104        74         0       112        99        80       151       124       100       161       935 
  1800000:         0      1033        85        66        98       111        93       109         0       125        99       202       163       118       162      1148 
  1700000:         0      1139        70        70       280       101      1609        86        98         0        93       193       582       126       192      3457 
  1600000:         0       851        66        73       110       113        86        94       107        93         0       201       212       138       203      1281 
  1500000:         0      1408       137        91       187       185       138       138       193       196       208         0       473       290       397      2478 
  1300000:         0      1639       132       118       326       167       336       133       176      3011       187       472         0       377       488      5626 
  1200000:         0      1216        88        87       127       120        89       100       120       116       159       320       363         0       503      2562 
  1100000:         0      2040       155       161       238       178       151       116       172       182       195       343       473       468         0      6780 
  1000000:         1     17731      1009      1102      2146      1439      1458       736       901      2393       874      1822      7628      2781      7651         0 
