   From  :    To
         :   2601000   2600000   2500000   2400000   2300000   2100000   2000000   1900000   1800000   1700000   1600000   1500000   1300000   1200000   1100000   1000000 
  2601000:         0         0      6355      4199      7838      6732      5035      4621      5692      5200      5180      8367      6650      3596      4162     18204 
  2600000:         0         0       201       169       323       264       146       172       200       173       191       322       266       155       202       902 
  2500000:      9362       343         0       982      1414      1338       984      1007      1211      1076      1087      1659      1259       644       667       633 
  2400000:      6958       290      1037         0      1797      1752      1123      1242      1542      1384      1308      2098      1551       950       845       834 
  2300000:      8826       344      1671      2270         0      2944      2024      2167      2765      2493      2445      3881      2984      1898      1993      3204 
  2100000:      6466       256      1228      1604      2759         0      1949      2048      2507      2264      2409      3787      3161      2082      2270      3720 
  2000000:      6508       139       897       973      1896      1843         0      1422      1803      1623      1649      2656      2265      1518      1762     48686 
  1900000:      4119       148       870      1132      1946      1945      1358         0      1769      1663      1647      2750      2491      1693      1958      3191 
  1800000:      4774       148      1140      1371      2492      2303      1569      1680         0      1995      1915      3300      3018      2229      2614      4311 
  1700000:      4232       139      1003      1205      2131      2006      1410      1517      1800         0      1672      2874      2693      1933      2476      4274 
  1600000:      3990       129       991      1215      2043      1930      1373      1458      1844      1585         0      2818      2718      1995      2615      4685 
  1500000:      6624       243      1561      1942      3394      3233      2356      2458      3020      2617      2652         0      4421      3385      4477      8615 
  1300000:      5720       300      1465      1679      2990      2811      2032      2174      2692      2380      2410      4085         0      3195      4375      8511 
  1200000:      4195       242       975      1192      2114      2089      1511      1530      1919      1595      1673      3066      2863         0      3291      9559 
  1100000:      6899       389      1307      1479      2900      2638      1949      1990      2378      2026      2036      3418      3542      3016         0     15785 
  1000000:     13157       576      2965      3299      5872      4682     50821      3194      3717      3291      3115      5917      6937      9525     18045         0 
