   From  :    To
         :   2601000   2600000   2500000   2400000   2300000   2100000   2000000   1900000   1800000   1700000   1600000   1500000   1300000   1200000   1100000   1000000 
  2601000:         0         0      6439      4252      7925      6805      5083      4673      5738      5269      5238      8489      6752      3643      4237     18740 
  2600000:         0         0       201       169       323       264       146       172       200       173       191       322       266       155       202       902 
  2500000:      9498       343         0       993      1418      1339       985      1010      1211      1080      1090      1662      1266       645       668       641 
  2400000:      7088       290      1043         0      1798      1753      1124      1244      1544      1385      1309      2100      1554       951       845       840 
  2300000:      8954       344      1677      2274         0      2946      2025      2169      2766      2496      2446      3884      2986      1904      2000      3267 
  2100000:      6530       256      1231      1608      2761         0      1952      2050      2509      2266      2413      3788      3165      2083      2278      3780 
  2000000:      6552       139       898       975      1898      1844         0      1424      1803      1624      1650      2658      2265      1519      1766     48729 
  1900000:      4173       148       873      1137      1950      1945      1360         0      1769      1663      1647      2752      2492      1695      1963      3240 
  1800000:      4825       148      1144      1373      2495      2303      1570      1681         0      1995      1915      3301      3019      2231      2614      4358 
  1700000:      4279       139      1007      1207      2135      2009      1411      1517      1801         0      1672      2874      2694      1936      2479      4341 
  1600000:      4037       129       994      1218      2043      1932      1373      1458      1844      1585         0      2820      2720      1996      2619      4748 
  1500000:      6713       243      1568      1948      3396      3234      2356      2459      3020      2618      2657         0      4424      3389      4487      8732 
  1300000:      5821       300      1470      1684      2991      2814      2033      2176      2693      2385      2413      4088         0      3197      4382      8628 
  1200000:      4278       242       980      1196      2125      2098      1514      1535      1923      1599      1676      3066      2865         0      3302      9649 
  1100000:      7060       389      1318      1489      2916      2646      1953      1991      2383      2034      2038      3424      3548      3021         0     16047 
  1000000:     13474       576      3006      3345      5964      4738     50859      3248      3768      3329      3161      6016      7059      9683     18415         0 
