   From  :    To
         :   2601000   2600000   2500000   2400000   2300000   2100000   2000000   1900000   1800000   1700000   1600000   1500000   1300000   1200000   1100000   1000000 
  2601000:         0         0     15143      4992      8989     17814     12118      2944      3738      3594      3971      6751      5720      3424      4110    123158 
  2600000:         0         0         0         0         0         0         2         0         0         0         0         1         0         0         0      2273 
  2500000:     19920         0         0       540       139       115        54        51        61        79        65       104       104        68       103       441 
  2400000:      8025         0       457         0        96        86        53        58        51        59        64        85        69        71        77       525 
  2300000:      9049         6       703       338         0       137        68        78       136       140       103       159       147       135       267      3335 
  2100000:     16542         0      1086       144       147         0       107       127       135        96        92       163       181       118       262      3790 
  2000000:     26784         0       101        55        91        95         0        75        63        42        52        84        89        61       171     97217 
  1900000:      2345         0        86        68        92       118        61         0        58        46        61       107       107        67       172      2413 
  1800000:      2592         0       102        79       145       148        54        68         0        67        65       134       116        88       225      3158 
  1700000:      2349         0        83        62       132       102        56        47        66         0        70       110       111        92       224      3042 
  1600000:      2369         0        99        91       125        74        48        39        66        68         0       121       150       109       226      3449 
  1500000:      4298         0       168       123       168       146        83        83       115        95       114         0       286       202       396      6102 
  1300000:      4480         0       140        67       147       157        92        87       124       126       132       244         0       201       426      5809 
  1200000:      3850         0       130        85       105       113        63        80        96        92       102       187       211         0       340      4559 
  1100000:      6599         0       270       179       251       231       134       127       148       164       167       286       321       294         0     11794 
  1000000:    107263      2270      3276      2953      4174      3654    111987      1937      2184      1878      1976      3843      4620      5083     13966         0 
