   From  :    To
         :   2601000   2600000   2500000   2400000   2300000   2100000   2000000   1900000   1800000   1700000   1600000   1500000   1300000   1200000   1100000   1000000 
  2601000:         0         0      5374      3598      6700      5671      4360      3899      4785      4294      4172      6437      5121      2827      3070      9827 
  2600000:         0         0       201       169       323       264       146       172       200       173       191       322       266       155       202       902 
  2500000:      7237       343         0       861      1360      1300       961       975      1181      1055      1055      1580      1205       619       619       473 
  2400000:      5248       290       972         0      1759      1723      1097      1228      1524      1351      1289      2045      1507       922       810       622 
  2300000:      6721       344      1575      2212         0      2888      1993      2133      2720      2424      2405      3792      2928      1855      1881      2343 
  2100000:      5186       256      1156      1550      2704         0      1919      2004      2462      2240      2384      3713      3101      2048      2174      2807 
  2000000:      5165       139       855       949      1860      1821         0      1399      1785      1605      1626      2616      2230      1489      1690     33606 
  1900000:      3398       148       832      1104      1902      1896      1343         0      1748      1644      1631      2707      2461      1653      1919      2508 
  1800000:      4095       148      1081      1318      2436      2270      1546      1656         0      1973      1885      3258      2979      2183      2517      3428 
  1700000:      3649       139       955      1150      2088      1975      1391      1501      1771         0      1654      2843      2630      1895      2392      3396 
  1600000:      3496       129       932      1161      1998      1898      1355      1442      1822      1566         0      2764      2655      1962      2524      3626 
  1500000:      5587       243      1463      1875      3306      3165      2320      2397      2966      2571      2612         0      4322      3306      4272      6579 
  1300000:      4627       300      1373      1607      2900      2740      2002      2145      2643      2337      2347      3999         0      3122      4175      6569 
  1200000:      3194       242       915      1136      2017      2043      1469      1489      1876      1552      1622      2959      2767         0      3128      8054 
  1100000:      4755       389      1175      1364      2668      2498      1871      1893      2287      1949      1941      3252      3372      2858         0     11419 
  1000000:      7776       576      1965      2333      4193      3552     35062      2561      3003      2695      2516      4697      5342      7569     12318         0 
