   From  :    To
         :   2601000   2600000   2500000   2400000   2300000   2100000   2000000   1900000   1800000   1700000   1600000   1500000   1300000   1200000   1100000   1000000 
  2601000:         0         0      8621      5004      9511      7849      5727      5412      6636      6147      6144     10180      8151      4466      5232     24852 
  2600000:         0         0       201       169       323       264       146       172       200       173       191       322       266       155       202       902 
  2500000:     12683       343         0      1065      1447      1372      1004      1024      1230      1094      1106      1709      1302       667       689       758 
  2400000:      8828       290      1076         0      1824      1772      1135      1256      1563      1396      1327      2129      1574       972       863       973 
  2300000:     11070       344      1761      2338         0      2986      2056      2194      2800      2526      2479      3925      3024      1940      2082      4006 
  2100000:      7701       256      1299      1659      2803         0      1970      2078      2526      2288      2431      3821      3201      2097      2350      4530 
  2000000:      7230       139       943      1002      1927      1859         0      1451      1814      1644      1668      2684      2296      1535      1817     49229 
  1900000:      4801       148       917      1162      1983      1963      1371         0      1782      1674      1658      2777      2520      1709      2020      3817 
  1800000:      5435       148      1199      1411      2532      2333      1586      1695         0      2008      1935      3337      3050      2261      2684      5112 
  1700000:      4832       139      1066      1228      2167      2034      1430      1524      1820         0      1680      2912      2718      1959      2542      5059 
  1600000:      4551       129      1048      1252      2078      1960      1396      1469      1858      1600         0      2846      2759      2032      2694      5548 
  1500000:      7684       243      1637      2008      3453      3286      2391      2484      3056      2649      2704         0      4495      3459      4617     10308 
  1300000:      6792       300      1554      1751      3054      2856      2067      2210      2724      2419      2443      4161         0      3271      4522     10172 
  1200000:      5243       242      1055      1242      2186      2137      1536      1556      1964      1633      1711      3130      2945         0      3438     10902 
  1100000:      9091       389      1414      1617      3077      2737      2029      2051      2446      2092      2117      3546      3663      3143         0     19578 
  1000000:     17990       576      3702      4070      7166      5602     51394      3726      4307      3767      3626      6995      8332     11254     23238         0 
