   From  :    To
         :   2601000   2600000   2500000   2400000   2300000   2100000   2000000   1900000   1800000   1700000   1600000   1500000   1300000   1200000   1100000   1000000 
  2601000:         0         0      8322      4913      9285      7714      5635      5314      6514      6043      6025     10001      7990      4344      5094     23959 
  2600000:         0         0       201       169       323       264       146       172       200       173       191       322       266       155       202       902 
  2500000:     12271       343         0      1059      1443      1368      1001      1023      1227      1092      1105      1706      1299       666       687       748 
  2400000:      8618       290      1071         0      1818      1768      1132      1256      1561      1394      1326      2125      1574       972       861       963 
  2300000:     10829       344      1751      2332         0      2982      2053      2192      2793      2524      2476      3922      3021      1936      2076      3914 
  2100000:      7572       256      1289      1651      2799         0      1970      2073      2522      2287      2427      3819      3199      2095      2342      4439 
  2000000:      7146       139       934       999      1922      1856         0      1447      1812      1643      1668      2680      2293      1535      1814     49168 
  1900000:      4708       148       912      1159      1978      1963      1370         0      1780      1673      1657      2775      2516      1708      2014      3761 
  1800000:      5352       148      1190      1404      2528      2330      1583      1692         0      2005      1934      3332      3048      2259      2678      5022 
  1700000:      4735       139      1063      1222      2164      2028      1427      1522      1819         0      1680      2910      2717      1956      2538      4987 
  1600000:      4478       129      1039      1249      2072      1960      1393      1467      1855      1597         0      2842      2755      2030      2686      5461 
  1500000:      7550       243      1628      2001      3449      3274      2383      2482      3051      2646      2702         0      4489      3457      4608     10142 
  1300000:      6628       300      1545      1743      3046      2850      2065      2209      2720      2417      2440      4150         0      3267      4513      9994 
  1200000:      5074       242      1042      1236      2183      2132      1536      1555      1958      1630      1709      3123      2938         0      3423     10736 
  1100000:      8782       389      1401      1599      3065      2721      2016      2040      2441      2083      2110      3535      3649      3132         0     19092 
  1000000:     17409       576      3650      3993      7070      5530     51346      3678      4252      3700      3563      6863      8133     11005     22519         0 
