   From  :    To
         :   2601000   2600000   2500000   2400000   2300000   2100000   2000000   1900000   1800000   1700000   1600000   1500000   1300000   1200000   1100000   1000000 
  2601000:         0         0      1937      1252      2194      4782      1008       959      1179      1199      1356      2242      1916      1083      1404     83588 
  2600000:         0         0         0         0         0         0         1         0         0         0         0         1         0         0         0      2272 
  2500000:      3323         0         0       226        71        47        33        21        35        37        28        45        45        24        45       282 
  2400000:      2432         0       108         0        49        43        22        27        27        23        30        40        29        27        40       281 
  2300000:      2491         5       101        79         0        52        35        28        38        37        36        68        50        51        91      1322 
  2100000:      4495         0       182        41        57         0        43        33        38        29        37        74        74        48       100      1471 
  2000000:       873         0        26        22        40        29         0        19        20        11        14        26        33        17        65       989 
  1900000:       713         0        31        20        30        28        17         0        22        18        10        32        38        23        57       997 
  1800000:       734         0        28        18        23        35        15        21         0        23        19        48        48        31        95      1276 
  1700000:       631         0        23        13        28        28        20        10        22         0        19        40        44        27        78      1290 
  1600000:       671         0        24        27        26        23        17        11        32        25         0        33        50        35        77      1470 
  1500000:      1054         0        37        32        52        35        29        33        45        36        43         0       104        72       131      2576 
  1300000:      1156         0        42        16        48        59        29        31        43        52        50        87         0        63       148      2557 
  1200000:      1089         0        41        33        32        42        20        26        39        26        37        64        80         0       128      1960 
  1100000:      2432         0       110        61        79        88        51        46        64        57        69       100       126       107         0      5228 
  1000000:     84004      2269      1572      1338      1755      1431       844       771       810       700       773      1379      1744      2009      6159         0 
