   From  :    To
         :   2601000   2600000   2500000   2400000   2300000   2100000   2000000   1900000   1800000   1700000   1600000   1500000   1300000   1200000   1100000   1000000 
  2601000:         0         0      1870      1204      2102      4630       966       914      1135      1145      1307      2144      1813      1025      1352     83030 
  2600000:         0         0         0         0         0         0         1         0         0         0         0         1         0         0         0      2272 
  2500000:      3211         0         0       217        70        45        31        19        31        36        27        45        44        21        44       270 
  2400000:      2336         0       107         0        49        42        20        25        26        22        28        36        27        25        38       271 
  2300000:      2373         5        99        78         0        49        33        27        37        36        36        65        48        50        85      1267 
  2100000:      4352         0       176        40        53         0        42        33        35        29        35        66        72        47        97      1413 
  2000000:       821         0        26        22        37        27         0        18        17        10        13        25        31        17        64       948 
  1900000:       659         0        29        18        30        24        17         0        21        17         9        32        35        22        56       952 
  1800000:       686         0        27        18        21        32        15        19         0        20        18        46        47        31        88      1219 
  1700000:       591         0        23        13        26        23        19         9        20         0        17        40        44        27        76      1238 
  1600000:       631         0        22        27        24        22        16        11        27        23         0        31        48        34        70      1425 
  1500000:       991         0        34        30        49        35        25        33        41        34        43         0       101        69       126      2468 
  1300000:      1096         0        42        14        46        57        27        30        40        50        47        85         0        62       143      2446 
  1200000:      1046         0        40        29        30        42        20        26        36        26        36        61        77         0       124      1886 
  1100000:      2322         0       107        58        71        81        50        43        62        53        65        94       122       100         0      5096 
  1000000:     83521      2269      1509      1284      1680      1381       794       714       759       665       730      1308      1676      1949      5961         0 
