   From  :    To
         :   2601000   2600000   2500000   2400000   2300000   2100000   2000000   1900000   1800000   1700000   1600000   1500000   1300000   1200000   1100000   1000000 
  2601000:         0         0      1022       496       860      1754       406       393       501       500       570       941       784       469       603     66091 
  2600000:         0         0         0         0         0         0         1         0         0         0         0         1         0         0         0      2272 
  2500000:      1641         0         0        80        22        22        18         8        19        14        15        25        22         8        21       148 
  2400000:       993         0        54         0        15        20         9        10        11        12        14        23        13        14        15       144 
  2300000:       971         5        48        26         0        20        11        10        20        13        17        25        23        25        39       622 
  2100000:      1630         0        67        16        29         0        18        16        17        14        11        24        23        16        34       596 
  2000000:       316         0        11         9        20        11         0         6         5         3         4         7        16         4        26       430 
  1900000:       278         0        12        10        18        11         9         0         7         8         3        14        10         8        28       395 
  1800000:       299         0        11        10        11        11         7         9         0         9         5        21        16        13        40       561 
  1700000:       270         0        11         6        18         4         9         6         5         0         6        17        15        11        36       535 
  1600000:       277         0        11        19        11         9         8         5        14         6         0        14        15        14        34       591 
  1500000:       452         0        21        20        20        13        12        11        14         6        17         0        39        31        57      1056 
  1300000:       468         0        14        10        15        27        11        10        16        21        15        32         0        26        54      1088 
  1200000:       475         0        21        13        14        22        10         9        15        10        14        25        30         0        51       902 
  1100000:       973         0        44        26        26        34        14        17        24        19        19        38        45        36         0      2467 
  1000000:     66346      2269       716       606       796       553       325       301       355       314       318       562       756       936      2744         0 
