   From  :    To
         :   2601000   2600000   2500000   2400000   2300000   2100000   2000000   1900000   1800000   1700000   1600000   1500000   1300000   1200000   1100000   1000000 
  2601000:         0         0       806       375       709      1413       342       340       422       426       496       828       679       406       532     65560 
  2600000:         0         0         0         0         0         0         1         0         0         0         0         1         0         0         0      2272 
  2500000:      1319         0         0        60        20        20        18         8        19        13        12        22        20         7        20       144 
  2400000:       804         0        47         0        15        20         9        10        11        12        13        23        13        14        14       138 
  2300000:       807         5        35        24         0        18        11        10        19        13        17        25        20        25        38       561 
  2100000:      1296         0        56        15        27         0        17        15        17        13        11        22        21        16        31       536 
  2000000:       276         0        11         7        20        10         0         6         5         3         4         7        16         4        25       376 
  1900000:       229         0        10        10        15        10         8         0         7         7         3        14        10         8        27       351 
  1800000:       257         0         8        10        10         9         7         9         0         9         5        20        16        13        39       487 
  1700000:       237         0        11         6        16         2         9         6         5         0         6        16        15        10        35       465 
  1600000:       238         0        11        16        11         7         7         5        14         6         0        13        15        13        30       528 
  1500000:       410         0        16        20        19        13        12        10        13         6        16         0        38        30        55       952 
  1300000:       409         0        13        10        15        25        11         9        16        21        14        30         0        26        51       988 
  1200000:       424         0        20        13        14        22        10         9        14         9        14        25        30         0        49       833 
  1100000:       849         0        38        24        24        30        13        17        23        19        19        35        43        36         0      2273 
  1000000:     65778      2269       620       553       713       494       295       255       314       282       284       529       702       878      2497         0 
