   From  :    To
         :   2601000   2600000   2500000   2400000   2300000   2100000   2000000   1900000   1800000   1700000   1600000   1500000   1300000   1200000   1100000   1000000 
  2601000:         0         0     11186      3736      6962     13143     11637      2498      3138      3025      3362      5763      4841      2951      3577    119750 
  2600000:         0         0         0         0         0         0         2         0         0         0         0         1         0         0         0      2273 
  2500000:     14965         0         0       456       131       107        51        46        58        73        59        94        97        60        90       408 
  2400000:      6262         0       317         0        84        80        50        52        48        52        61        81        64        66        74       487 
  2300000:      6936         6       535       270         0       122        66        69       112       128        91       149       141       134       239      2954 
  2100000:     12188         0       814       124       134         0        97       107       113        88        85       145       170       108       234      3306 
  2000000:     26416         0        86        53        84        84         0        60        58        37        49        77        82        60       156     96869 
  1900000:      2055         0        79        60        79       102        48         0        53        45        53        97        94        63       155      2050 
  1800000:      2276         0        90        69       125       122        47        61         0        60        58       127       111        78       201      2671 
  1700000:      2082         0        74        53       106        86        54        42        60         0        66       105       107        88       192      2594 
  1600000:      2112         0        87        78       112        66        44        34        63        67         0       109       142       104       196      2953 
  1500000:      3866         0       145       113       153       137        75        79       109        90       110         0       273       182       360      5273 
  1300000:      4073         0       125        64       129       145        88        76       116       116       123       231         0       186       386      5022 
  1200000:      3516         0       116        75        92       102        57        75        90        82        88       174       194         0       309      4039 
  1100000:      5789         0       242       157       223       202       124       113       136       146       154       261       297       272         0     10526 
  1000000:    103032      2270      2799      2470      3538      3215    111731      1721      1942      1700      1808      3551      4267      4657     12473         0 
