   From  :    To
         :   2601000   2600000   2500000   2400000   2300000   2100000   2000000   1900000   1800000   1700000   1600000   1500000   1300000   1200000   1100000   1000000 
  2601000:         0         0     11896      3887      7230     13597     11665      2527      3171      3069      3408      5847      4897      2974      3610    119792 
  2600000:         0         0         0         0         0         0         2         0         0         0         0         1         0         0         0      2273 
  2500000:     15769         0         0       457       132       108        51        47        59        73        59        95        97        60        90       409 
  2400000:      6438         0       332         0        84        81        50        52        48        52        61        81        65        66        74       488 
  2300000:      7172         6       571       286         0       122        66        70       113       130        92       149       141       134       239      2967 
  2100000:     12610         0       837       125       135         0        98       113       120        91        85       146       170       108       236      3326 
  2000000:     26441         0        87        53        84        84         0        65        58        37        50        77        82        60       156     96884 
  1900000:      2079         0        80        63        82       104        51         0        53        45        53        98        95        63       157      2062 
  1800000:      2305         0        92        71       130       125        49        61         0        61        58       129       111        78       203      2681 
  1700000:      2114         0        75        56       111        89        54        42        60         0        66       105       107        88       193      2610 
  1600000:      2147         0        90        81       115        67        44        34        63        67         0       109       142       106       196      2972 
  1500000:      3928         0       149       114       154       139        75        79       109        90       110         0       273       183       363      5310 
  1300000:      4126         0       127        64       130       145        88        76       117       116       123       231         0       187       388      5043 
  1200000:      3533         0       118        75        93       102        57        75        90        83        88       174       196         0       310      4063 
  1100000:      5815         0       243       159       227       202       126       114       138       147       157       262       299       274         0     10570 
  1000000:    103092      2270      2809      2481      3551      3235    111742      1730      1955      1709      1823      3572      4286      4676     12518         0 
