   From  :    To
         :   2601000   2600000   2500000   2400000   2300000   2100000   2000000   1900000   1800000   1700000   1600000   1500000   1300000   1200000   1100000   1000000 
  2601000:         0         0      6652      4354      8179      7035      5222      4835      5929      5499      5473      8900      7065      3803      4443     20382 
  2600000:         0         0       201       169       323       264       146       172       200       173       191       322       266       155       202       902 
  2500000:      9957       343         0      1016      1427      1350       991      1015      1217      1084      1092      1680      1274       650       674       699 
  2400000:      7390       290      1052         0      1809      1757      1126      1247      1547      1388      1318      2112      1562       957       849       885 
  2300000:      9405       344      1708      2290         0      2959      2033      2173      2773      2509      2461      3898      3000      1916      2022      3442 
  2100000:      6842       256      1249      1618      2779         0      1958      2059      2511      2272      2416      3800      3177      2085      2297      3978 
  2000000:      6736       139       910       979      1904      1850         0      1432      1805      1630      1657      2663      2272      1527      1777     48852 
  1900000:      4319       148       883      1142      1962      1953      1362         0      1771      1666      1651      2763      2497      1699      1975      3384 
  1800000:      4972       148      1154      1384      2507      2308      1576      1683         0      2000      1919      3309      3027      2242      2634      4531 
  1700000:      4413       139      1027      1212      2150      2018      1413      1518      1806         0      1675      2887      2705      1941      2499      4551 
  1600000:      4142       129      1010      1223      2052      1942      1375      1461      1848      1589         0      2829      2731      2010      2633      4990 
  1500000:      6925       243      1583      1964      3410      3246      2363      2464      3031      2626      2670         0      4443      3414      4526      9164 
  1300000:      6032       300      1495      1696      3011      2825      2047      2183      2702      2402      2419      4101         0      3218      4419      9005 
  1200000:      4475       242       997      1207      2141      2113      1523      1543      1931      1611      1688      3082      2883         0      3342      9967 
  1100000:      7592       389      1346      1520      2964      2674      1972      2009      2406      2047      2063      3458      3580      3050         0     16918 
  1000000:     14570       576      3202      3515      6315      5003     51026      3381      3917      3458      3271      6268      7373     10078     19696         0 
