   From  :    To
         :   2601000   2600000   2500000   2400000   2300000   2100000   2000000   1900000   1800000   1700000   1600000   1500000   1300000   1200000   1100000   1000000 
  2601000:         0         0      6586      4322      8101      6955      5178      4780      5868      5427      5391      8778      6971      3758      4376     19838 
  2600000:         0         0       201       169       323       264       146       172       200       173       191       322       266       155       202       902 
  2500000:      9815       343         0      1010      1423      1345       990      1014      1216      1083      1090      1672      1271       650       673       687 
  2400000:      7295       290      1049         0      1808      1755      1125      1246      1546      1388      1315      2109      1560       955       847       873 
  2300000:      9249       344      1696      2284         0      2955      2031      2172      2772      2508      2456      3896      2998      1914      2020      3399 
  2100000:      6717       256      1241      1613      2773         0      1956      2056      2511      2268      2416      3797      3174      2084      2292      3909 
  2000000:      6673       139       905       976      1901      1849         0      1432      1805      1627      1656      2662      2269      1526      1773     48816 
  1900000:      4270       148       881      1141      1959      1950      1361         0      1771      1666      1651      2761      2496      1699      1972      3340 
  1800000:      4926       148      1151      1381      2505      2306      1574      1682         0      1999      1919      3307      3026      2240      2630      4472 
  1700000:      4369       139      1021      1210      2147      2016      1413      1518      1806         0      1675      2885      2704      1941      2494      4489 
  1600000:      4105       129      1006      1221      2052      1940      1375      1461      1847      1589         0      2828      2730      2007      2632      4910 
  1500000:      6863       243      1576      1959      3405      3240      2360      2463      3031      2624      2667         0      4442      3412      4514      9048 
  1300000:      5983       300      1490      1695      3003      2821      2045      2182      2700      2400      2417      4099         0      3217      4414      8893 
  1200000:      4420       242       990      1205      2135      2109      1521      1541      1928      1609      1688      3080      2882         0      3338      9894 
  1100000:      7437       389      1341      1511      2951      2663      1968      2005      2403      2047      2058      3454      3574      3048         0     16693 
  1000000:     14206       576      3148      3464      6208      4895     50966      3342      3862      3419      3242      6197      7296      9976     19365         0 
