   From  :    To
         :   2601000   2600000   2500000   2400000   2300000   2100000   2000000   1900000   1800000   1700000   1600000   1500000   1300000   1200000   1100000   1000000 
  2601000:         0         0      5450      3640      6790      5747      4440      3953      4863      4367      4254      6562      5232      2898      3164     10981 
  2600000:         0         0       201       169       323       264       146       172       200       173       191       322       266       155       202       902 
  2500000:      7391       343         0       866      1366      1302       962       980      1182      1060      1055      1588      1213       621       623       488 
  2400000:      5350       290       976         0      1761      1724      1098      1228      1524      1352      1289      2049      1513       922       812       637 
  2300000:      6854       344      1586      2214         0      2894      1993      2136      2727      2432      2407      3805      2937      1860      1895      2409 
  2100000:      5271       256      1159      1553      2709         0      1919      2006      2465      2244      2385      3723      3107      2055      2183      2869 
  2000000:      5853       139       862       950      1863      1822         0      1400      1787      1607      1629      2620      2233      1489      1702     48150 
  1900000:      3440       148       836      1106      1903      1901      1345         0      1753      1647      1633      2715      2468      1660      1922      2553 
  1800000:      4144       148      1086      1323      2446      2273      1546      1660         0      1977      1890      3263      2986      2190      2529      3502 
  1700000:      3694       139       959      1151      2089      1978      1395      1502      1774         0      1658      2847      2637      1902      2405      3472 
  1600000:      3549       129       939      1163      2007      1900      1361      1444      1825      1568         0      2770      2663      1973      2539      3699 
  1500000:      5700       243      1474      1879      3311      3173      2323      2404      2977      2577      2617         0      4346      3327      4298      6730 
  1300000:      4743       300      1381      1613      2911      2755      2004      2150      2648      2344      2358      4017         0      3136      4205      6724 
  1200000:      3286       242       921      1139      2026      2051      1477      1491      1885      1560      1627      2974      2782         0      3152      8188 
  1100000:      4928       389      1186      1373      2685      2505      1878      1903      2299      1959      1956      3281      3403      2889         0     11845 
  1000000:      8137       576      2024      2386      4303      3615     50219      2601      3054      2735      2580      4843      5503      7724     12848         0 
