   From  :    To
         :   2601000   2600000   2500000   2400000   2300000   2100000   2000000   1900000   1800000   1700000   1600000   1500000   1300000   1200000   1100000   1000000 
  2601000:         0         0      5502      3689      6866      5825      4480      4001      4937      4428      4316      6695      5311      2944      3240     11546 
  2600000:         0         0       201       169       323       264       146       172       200       173       191       322       266       155       202       902 
  2500000:      7533       343         0       876      1367      1303       962       983      1186      1063      1055      1592      1219       624       625       494 
  2400000:      5509       290       978         0      1765      1727      1099      1229      1525      1353      1290      2050      1513       927       815       649 
  2300000:      7000       344      1591      2218         0      2900      1996      2141      2730      2437      2407      3809      2942      1866      1902      2462 
  2100000:      5374       256      1160      1555      2711         0      1926      2007      2471      2247      2386      3728      3109      2056      2188      2928 
  2000000:      5903       139       864       952      1866      1822         0      1401      1789      1609      1629      2621      2237      1491      1704     48186 
  1900000:      3490       148       840      1111      1904      1906      1348         0      1754      1648      1633      2716      2468      1663      1926      2594 
  1800000:      4195       148      1092      1326      2448      2275      1546      1660         0      1978      1891      3264      2988      2192      2536      3568 
  1700000:      3735       139       964      1154      2089      1979      1396      1503      1776         0      1659      2850      2639      1903      2411      3522 
  1600000:      3571       129       940      1166      2010      1902      1361      1444      1826      1568         0      2770      2664      1976      2544      3764 
  1500000:      5756       243      1479      1883      3314      3176      2326      2407      2979      2580      2617         0      4347      3327      4308      6854 
  1300000:      4805       300      1384      1620      2914      2757      2004      2150      2650      2344      2361      4020         0      3137      4216      6840 
  1200000:      3350       242       924      1142      2031      2052      1480      1495      1885      1562      1628      2976      2786         0      3162      8279 
  1100000:      5075       389      1193      1383      2704      2512      1882      1907      2301      1963      1961      3283      3410      2898         0     12091 
  1000000:      8483       576      2113      2475      4433      3702     50261      2649      3098      2766      2611      4900      5603      7835     13173         0 
