   From  :    To
         :   2601000   2600000   2500000   2400000   2300000   2100000   2000000   1900000   1800000   1700000   1600000   1500000   1300000   1200000   1100000   1000000 
  2601000:         0         0      9879      5430     10391      8444      6123      5836      7105      6643      6663     11080      8902      4944      5821     28084 
  2600000:         0         0       201       169       323       264       146       172       200       173       191       322       266       155       202       902 
  2500000:     14350       343         0      1093      1460      1383      1010      1031      1246      1099      1113      1731      1318       681       700       810 
  2400000:      9776       290      1090         0      1843      1788      1149      1263      1569      1406      1331      2145      1585       977       882      1036 
  2300000:     12218       344      1794      2368         0      3003      2067      2216      2820      2546      2486      3951      3059      1957      2131      4401 
  2100000:      8345       256      1325      1683      2825         0      1987      2088      2544      2301      2440      3851      3224      2114      2391      4919 
  2000000:      7650       139       957      1025      1944      1874         0      1459      1828      1654      1682      2698      2317      1546      1844     49487 
  1900000:      5166       148       942      1178      2001      1982      1378         0      1797      1683      1665      2789      2542      1726      2044      4118 
  1800000:      5836       148      1230      1436      2546      2349      1599      1706         0      2020      1947      3356      3083      2286      2712      5486 
  1700000:      5195       139      1083      1243      2185      2052      1438      1533      1827         0      1691      2938      2741      1988      2595      5451 
  1600000:      4851       129      1073      1276      2096      1972      1402      1474      1867      1607         0      2884      2814      2240      2851      6072 
  1500000:      8339       243      1678      2052      3512      3313      2410      2506      3078      2665      2723         0      4692      4202      5053     11481 
  1300000:      7498       300      1605      1796      3085      2880      2087      2233      2751      2445      2476      4617         0      8940      6657     15640 
  1200000:      5873       242      1074      1277      2224      2162      1547      1579      1989      1657      1871      3811      7874         0      6711     16816 
  1100000:     10224       389      1474      1686      3174      2799      2072      2088      2499      2132      2288      3929      6613      6500         0     23470 
  1000000:     20023       576      3963      4418      7752      6028     51689      3975      4620      4068      4041      7845     13980     16451     28743         0 
