   From  :    To
         :   2601000   2600000   2500000   2400000   2300000   2100000   2000000   1900000   1800000   1700000   1600000   1500000   1300000   1200000   1100000   1000000 
  2601000:         0         0     10272      5529     10590      8580      6210      5929      7221      6733      6770     11273      9037      5046      5933     28728 
  2600000:         0         0       201       169       323       264       146       172       200       173       191       322       266       155       202       902 
  2500000:     14853       343         0      1098      1463      1385      1010      1032      1248      1101      1113      1737      1322       684       701       825 
  2400000:      9999       290      1095         0      1844      1789      1149      1264      1569      1408      1332      2146      1588       979       884      1043 
  2300000:     12488       344      1799      2372         0      3007      2069      2223      2822      2549      2488      3954      3062      1959      2140      4494 
  2100000:      8480       256      1334      1685      2828         0      1989      2090      2546      2302      2441      3854      3228      2119      2399      5020 
  2000000:      7730       139       961      1026      1949      1876         0      1460      1829      1655      1684      2701      2318      1547      1854     49546 
  1900000:      5229       148       950      1180      2002      1987      1380         0      1798      1683      1668      2791      2544      1727      2048      4187 
  1800000:      5891       148      1236      1445      2550      2351      1601      1708         0      2020      1947      3360      3084      2287      2717      5577 
  1700000:      5253       139      1090      1250      2187      2056      1438      1534      1828         0      1692      2938      2743      1990      2599      5525 
  1600000:      4906       129      1077      1277      2096      1976      1403      1475      1867      1607         0      2885      2817      2241      2857      6166 
  1500000:      8446       243      1685      2062      3514      3317      2411      2506      3079      2667      2728         0      4697      4207      5065     11657 
  1300000:      7606       300      1611      1800      3091      2883      2088      2236      2753      2449      2480      4620         0      8942      6670     15780 
  1200000:      5977       242      1078      1279      2230      2163      1549      1581      1992      1657      1872      3813      7877         0      6718     16949 
  1100000:     10445       389      1482      1697      3192      2805      2075      2090      2502      2138      2291      3940      6619      6508         0     23874 
  1000000:     20547       576      4044      4510      7911      6132     51757      4022      4668      4120      4082      7950     14107     16586     29260         0 
