   From  :    To
         :   2601000   2600000   2500000   2400000   2300000   2100000   2000000   1900000   1800000   1700000   1600000   1500000   1300000   1200000   1100000   1000000 
  2601000:         0         0      4752      3382      6248      5323      3796      3696      4506      4050      3907      5951      4727      2596      2746      7756 
  2600000:         0         0       201       169       323       264       146       172       200       173       191       322       266       155       202       902 
  2500000:      6412       343         0       842      1353      1289       960       969      1174      1048      1048      1569      1185       612       607       443 
  2400000:      4775       290       963         0      1745      1717      1092      1226      1521      1350      1286      2037      1502       916       804       585 
  2300000:      6107       344      1561      2202         0      2871      1986      2129      2715      2414      2394      3775      2915      1839      1867      2157 
  2100000:      4815       256      1132      1536      2686         0      1908      1994      2453      2236      2378      3693      3091      2039      2156      2585 
  2000000:      4084       139       840       938      1851      1811         0      1393      1781      1602      1621      2606      2222      1486      1677     17854 
  1900000:      3168       148       819      1097      1899      1888      1342         0      1742      1640      1626      2699      2452      1647      1902      2355 
  1800000:      3869       148      1062      1312      2421      2260      1540      1648         0      1966      1881      3245      2967      2168      2495      3232 
  1700000:      3430       139       940      1145      2076      1967      1385      1496      1768         0      1643      2837      2621      1886      2377      3210 
  1600000:      3308       129       920      1147      1990      1888      1349      1432      1817      1562         0      2758      2645      1953      2494      3393 
  1500000:      5223       243      1442      1855      3279      3150      2310      2386      2950      2556      2604         0      4295      3291      4222      6141 
  1300000:      4274       300      1343      1586      2883      2720      1991      2131      2632      2324      2333      3974         0      3095      4125      6128 
  1200000:      2920       242       903      1120      1991      2026      1461      1479      1866      1546      1605      2942      2750         0      3098      7711 
  1100000:      4262       389      1144      1339      2616      2465      1850      1875      2275      1924      1924      3197      3329      2826         0     10319 
  1000000:      6788       576      1832      2139      3915      3319     18789      2398      2814      2529      2344      4342      4872      7151     10962         0 
