   From  :    To
         :   2601000   2600000   2500000   2400000   2300000   2100000   2000000   1900000   1800000   1700000   1600000   1500000   1300000   1200000   1100000   1000000 
  2601000:         0         0      4406      3278      6021      5196      3722      3598      4408      3956      3833      5780      4595      2519      2645      7068 
  2600000:         0         0       201       169       323       264       146       172       200       173       191       322       266       155       202       902 
  2500000:      5944       343         0       834      1348      1283       959       968      1172      1047      1047      1565      1183       612       605       436 
  2400000:      4571       290       962         0      1743      1714      1089      1224      1519      1348      1282      2035      1500       915       802       582 
  2300000:      5813       344      1547      2197         0      2867      1983      2125      2711      2413      2388      3769      2912      1838      1861      2081 
  2100000:      4664       256      1124      1528      2678         0      1906      1993      2451      2233      2376      3691      3090      2039      2151      2507 
  2000000:      4014       139       836       935      1849      1810         0      1389      1781      1599      1619      2604      2220      1486      1672     17804 
  1900000:      3090       148       811      1096      1897      1885      1338         0      1740      1638      1625      2699      2450      1646      1900      2292 
  1800000:      3818       148      1059      1308      2415      2257      1540      1645         0      1966      1880      3245      2966      2164      2490      3156 
  1700000:      3373       139       937      1144      2073      1962      1384      1494      1765         0      1642      2833      2619      1885      2372      3135 
  1600000:      3266       129       910      1145      1988      1883      1347      1432      1816      1561         0      2756      2643      1952      2488      3329 
  1500000:      5133       243      1435      1850      3272      3143      2309      2384      2948      2555      2600         0      4294      3288      4210      5999 
  1300000:      4177       300      1327      1580      2876      2715      1991      2129      2631      2318      2333      3971         0      3092      4117      5986 
  1200000:      2834       242       900      1115      1987      2020      1457      1474      1864      1545      1604      2938      2746         0      3090      7593 
  1100000:      4046       389      1128      1332      2598      2454      1846      1871      2273      1921      1921      3187      3322      2819         0      9985 
  1000000:      6281       576      1763      2065      3781      3234     18740      2357      2778      2484      2304      4268      4737      6999     10487         0 
