   From  :    To
         :   2601000   2600000   2500000   2400000   2300000   2100000   2000000   1900000   1800000   1700000   1600000   1500000   1300000   1200000   1100000   1000000 
  2601000:         0         0      2667      1716      3157      6817      4082      1203      1472      1506      1730      2977      2520      1446      1816    114190 
  2600000:         0         0         0         0         0         0         2         0         0         0         0         1         0         0         0      2273 
  2500000:      4565         0         0       332        89        63        37        29        41        41        34        56        54        32        60       324 
  2400000:      3369         0       133         0        58        47        32        31        31        27        37        47        37        40        48       353 
  2300000:      3285         6       181       136         0        70        41        32        47        47        42        78        68        67       128      1963 
  2100000:      6338         0       246        61        75         0        56        39        45        31        49        91        90        59       135      2244 
  2000000:     18074         0        30        24        46        37         0        23        27        16        18        32        43        21        81     65105 
  1900000:       995         0        39        30        38        36        18         0        28        20        17        41        47        32        74      1238 
  1800000:      1093         0        44        21        35        45        21        25         0        31        27        64        61        37       114      1571 
  1700000:       937         0        30        17        36        32        27        16        31         0        29        53        55        40       104      1590 
  1600000:       988         0        30        31        31        28        23        14        44        34         0        47        71        50        97      1880 
  1500000:      1693         0        58        37        63        50        37        43        56        54        54         0       148       103       180      3404 
  1300000:      2049         0        66        24        68        75        40        40        58        62        67       125         0        97       199      3352 
  1200000:      1952         0        77        39        48        52        29        34        52        38        48        94       112         0       178      2737 
  1100000:      3390         0       159        80       102       108        65        58        83        76        94       130       165       161         0      7598 
  1000000:     98570      2270      1997      1742      2345      2099     79067      1066      1174      1014      1122      2144      2851      3305      9055         0 
