   From  :    To
         :   2601000   2600000   2500000   2400000   2300000   2100000   2000000   1900000   1800000   1700000   1600000   1500000   1300000   1200000   1100000   1000000 
  2601000:         0         0     13968      4468      8172     15604     11860      2709      3424      3288      3651      6237      5253      3169      3850    121089 
  2600000:         0         0         0         0         0         0         2         0         0         0         0         1         0         0         0      2273 
  2500000:     18286         0         0       487       136       110        52        47        60        76        62        98       100        65        98       420 
  2400000:      7200         0       407         0        90        83        52        52        48        56        63        83        66        69        76       505 
  2300000:      8126         6       648       320         0       129        67        76       130       139       101       153       144       135       252      3109 
  2100000:     14477         0       964       131       139         0       105       121       131        93        89       157       175       114       251      3516 
  2000000:     26600         0        90        54        86        93         0        71        63        39        51        82        87        60       162     97015 
  1900000:      2201         0        84        66        85       112        60         0        57        45        58       104       102        65       164      2200 
  1800000:      2457         0        97        76       140       143        51        67         0        64        62       132       112        83       212      2875 
  1700000:      2222         0        81        59       127        97        54        45        64         0        69       109       109        89       203      2771 
  1600000:      2280         0        97        90       122        69        46        36        64        68         0       119       146       108       213      3153 
  1500000:      4133         0       162       119       159       145        78        81       112        93       112         0       282       197       381      5614 
  1300000:      4300         0       133        64       137       151        90        83       120       121       130       237         0       195       403      5347 
  1200000:      3663         0       124        80        94       106        60        76        94        88        96       184       204         0       329      4276 
  1100000:      6133         0       253       169       237       217       130       120       142       153       164       275       310       284         0     11113 
  1000000:    104663      2270      2989      2667      3811      3404    111846      1819      2062      1776      1903      3697      4421      4841     13106         0 
