   From  :    To
         :   2601000   2600000   2500000   2400000   2300000   2100000   2000000   1900000   1800000   1700000   1600000   1500000   1300000   1200000   1100000   1000000 
  2601000:         0         0     13693      4334      7958     15109     11786      2653      3334      3214      3569      6096      5140      3091      3762    120446 
  2600000:         0         0         0         0         0         0         2         0         0         0         0         1         0         0         0      2273 
  2500000:     17903         0         0       472       136       108        52        47        60        74        61        96        99        65        94       414 
  2400000:      6982         0       395         0        89        82        51        52        48        56        61        82        65        68        75       497 
  2300000:      7886         6       635       316         0       126        67        74       128       139        99       151       143       135       246      3043 
  2100000:     14013         0       936       128       138         0       104       121       130        92        87       152       174       113       248      3436 
  2000000:     26547         0        90        53        86        90         0        71        62        37        50        82        87        60       161     96959 
  1900000:      2160         0        84        66        84       110        59         0        55        45        58       104       101        65       163      2148 
  1800000:      2411         0        95        76       140       139        51        67         0        64        62       131       112        82       209      2792 
  1700000:      2189         0        78        58       127        97        54        44        63         0        68       108       109        89       199      2705 
  1600000:      2250         0        96        89       120        68        45        35        64        68         0       117       146       108       210      3078 
  1500000:      4083         0       161       118       156       143        77        80       112        93       112         0       280       195       377      5476 
  1300000:      4256         0       131        64       136       150        89        82       120       120       129       235         0       194       400      5234 
  1200000:      3616         0       122        78        94       104        60        76        93        86        96       182       204         0       324      4192 
  1100000:      5992         0       251       163       235       217       130       119       142       151       164       271       309       281         0     10915 
  1000000:    103896      2270      2914      2588      3695      3329    111808      1781      2020      1749      1878      3655      4371      4781     12872         0 
