   From  :    To
         :   2601000   2600000   2500000   2400000   2300000   2100000   2000000   1900000   1800000   1700000   1600000   1500000   1300000   1200000   1100000   1000000 
  2601000:         0         0      2067      1342      2345      5041      2934      1022      1277      1279      1497      2471      2066      1177      1533    106412 
  2600000:         0         0         0         0         0         0         2         0         0         0         0         1         0         0         0      2273 
  2500000:      3559         0         0       245        76        50        35        23        38        38        31        46        45        25        49       292 
  2400000:      2613         0       114         0        50        43        25        29        27        24        30        41        31        32        40       296 
  2300000:      2651         6       112        83         0        55        38        29        38        37        37        70        52        53        98      1436 
  2100000:      4750         0       197        43        60         0        44        35        40        30        39        79        78        52       110      1694 
  2000000:     12688         0        27        22        42        30         0        20        23        11        14        26        35        18        66     44804 
  1900000:       745         0        34        22        30        31        17         0        23        18        10        33        39        26        63      1066 
  1800000:       775         0        32        19        26        39        15        22         0        27        23        52        50        32       100      1384 
  1700000:       669         0        25        14        29        30        23        11        24         0        21        43        47        31        83      1372 
  1600000:       712         0        24        28        29        23        17        11        36        27         0        35        56        37        82      1634 
  1500000:      1137         0        39        33        56        37        32        34        48        40        47         0       113        79       141      2888 
  1300000:      1245         0        43        16        49        64        30        32        48        54        55        98         0        74       157      2832 
  1200000:      1183         0        42        33        33        46        21        28        44        29        39        70        86         0       139      2238 
  1100000:      2631         0       116        62        84        92        52        47        66        59        74       110       133       121         0      6050 
  1000000:     97104      2270      1680      1433      1886      1670     54541       814       864       749       834      1549      1966      2274      7036         0 
