   From  :    To
         :   2601000   2600000   2500000   2400000   2300000   2100000   2000000   1900000   1800000   1700000   1600000   1500000   1300000   1200000   1100000   1000000 
  2601000:         0         0      2018      1299      2283      4880      2913      1005      1250      1260      1455      2411      2017      1148      1498    106089 
  2600000:         0         0         0         0         0         0         2         0         0         0         0         1         0         0         0      2273 
  2500000:      3457         0         0       239        75        48        35        23        37        38        31        46        45        25        49       292 
  2400000:      2529         0       112         0        49        43        25        29        27        23        30        41        30        32        40       293 
  2300000:      2568         6       108        82         0        55        38        29        38        37        37        69        50        53        96      1413 
  2100000:      4587         0       193        43        60         0        43        35        39        30        39        78        77        52       110      1674 
  2000000:     12673         0        27        22        42        30         0        20        23        11        14        26        35        18        66     44782 
  1900000:       740         0        34        22        30        30        17         0        23        18        10        33        39        26        63      1050 
  1800000:       767         0        32        19        26        39        15        22         0        27        23        52        50        32        99      1355 
  1700000:       660         0        25        14        29        30        23        11        24         0        21        43        47        31        82      1355 
  1600000:       706         0        24        28        29        23        17        11        36        27         0        35        56        37        82      1592 
  1500000:      1126         0        39        33        55        37        32        34        48        40        47         0       113        78       141      2827 
  1300000:      1226         0        43        16        49        64        30        32        48        54        55        98         0        74       156      2784 
  1200000:      1164         0        42        33        33        46        21        28        44        29        39        70        86         0       139      2205 
  1100000:      2570         0       116        62        84        92        51        47        66        59        74       110       133       121         0      5979 
  1000000:     96752      2270      1627      1391      1835      1643     54527       809       855       742       828      1537      1951      2252      6943         0 
