   From  :    To
         :   2601000   2600000   2500000   2400000   2300000   2100000   2000000   1900000   1800000   1700000   1600000   1500000   1300000   1200000   1100000   1000000 
  2601000:         0         0     16143      5332      9643     19626     12297      3132      3934      3825      4196      7154      6075      3641      4321    124692 
  2600000:         0         0         0         0         0         0         2         0         0         0         0         1         0         0         0      2273 
  2500000:     21293         0         0       574       146       116        55        55        65        83        67       107       106        69       109       452 
  2400000:      8594         0       496         0        97        90        54        58        52        59        64        85        72        72        79       540 
  2300000:      9689         6       748       365         0       141        68        80       137       147       105       163       149       136       274      3522 
  2100000:     18199         0      1185       152       156         0       110       133       140        97        92       167       184       123       270      3989 
  2000000:     26893         0       106        59        93        98         0        76        63        42        52        84        89        61       175     97356 
  1900000:      2413         0        87        69        96       121        61         0        58        46        63       112       111        70       186      2571 
  1800000:      2663         0       104        80       150       151        55        69         0        69        66       136       118        90       232      3341 
  1700000:      2413         0        83        66       136       105        56        47        68         0        71       112       116        94       238      3236 
  1600000:      2412         0       102        96       129        74        48        39        67        69         0       121       154       113       235      3647 
  1500000:      4400         0       170       123       173       149        84        84       119        99       116         0       293       204       416      6458 
  1300000:      4592         0       141        68       152       161        92        90       131       127       136       248         0       206       437      6160 
  1200000:      3958         0       133        87       106       119        64        82        97        94       103       191       216         0       356      4789 
  1100000:      6970         0       277       183       258       236       137       128       153       166       175       296       329       299         0     12332 
  1000000:    109521      2270      3522      3158      4395      3810    112064      1991      2240      1918      2000      3911      4729      5217     14611         0 
