   From  :    To
         :   2601000   2600000   2500000   2400000   2300000   2100000   2000000   1900000   1800000   1700000   1600000   1500000   1300000   1200000   1100000   1000000 
  2601000:         0         0     15820      5218      9434     19017     12238      3068      3874      3749      4114      7011      5942      3582      4262    124190 
  2600000:         0         0         0         0         0         0         2         0         0         0         0         1         0         0         0      2273 
  2500000:     20840         0         0       567       143       116        55        54        64        82        67       107       105        68       107       449 
  2400000:      8403         0       482         0        97        88        54        58        52        59        64        85        71        72        79       534 
  2300000:      9491         6       736       352         0       141        68        80       137       144       104       163       149       135       273      3470 
  2100000:     17664         0      1153       148       154         0       108       132       138        97        92       167       184       122       269      3914 
  2000000:     26857         0       103        58        93        95         0        76        63        42        52        84        89        61       174     97314 
  1900000:      2389         0        87        69        96       120        61         0        58        46        63       112       111        68       181      2520 
  1800000:      2640         0       104        80       148       150        55        69         0        69        66       136       118        90       230      3288 
  1700000:      2388         0        83        64       136       104        56        47        68         0        70       112       116        93       233      3177 
  1600000:      2400         0       102        92       125        74        48        39        66        69         0       121       154       112       233      3580 
  1500000:      4368         0       169       123       173       149        84        84       119        99       116         0       291       203       411      6342 
  1300000:      4560         0       141        68       151       161        92        90       130       126       135       248         0       206       435      6037 
  1200000:      3923         0       132        87       106       118        63        82        96        94       102       191       215         0       354      4722 
  1100000:      6863         0       275       182       256       236       136       128       150       166       174       296       328       297         0     12163 
  1000000:    108732      2270      3437      3090      4337      3773    112041      1974      2228      1905      1996      3897      4707      5176     14409         0 
