   From  :    To
         :   2601000   2600000   2500000   2400000   2300000   2100000   2000000   1900000   1800000   1700000   1600000   1500000   1300000   1200000   1100000   1000000 
  2601000:         0         0      6219      4114      7677      6580      4949      4512      5566      5067      5009      8082      6411      3502      4016     17183 
  2600000:         0         0       201       169       323       264       146       172       200       173       191       322       266       155       202       902 
  2500000:      9073       343         0       967      1403      1330       980      1005      1204      1073      1082      1645      1248       640       662       610 
  2400000:      6728       290      1029         0      1791      1747      1118      1236      1540      1375      1304      2088      1535       944       839       806 
  2300000:      8519       344      1666      2258         0      2937      2017      2162      2759      2479      2439      3862      2972      1890      1977      3074 
  2100000:      6280       256      1222      1593      2747         0      1946      2036      2500      2260      2407      3773      3148      2076      2246      3602 
  2000000:      6420       139       891       972      1890      1840         0      1418      1799      1620      1644      2649      2259      1511      1749     48611 
  1900000:      4004       148       866      1131      1937      1938      1356         0      1764      1660      1643      2746      2482      1684      1953      3087 
  1800000:      4669       148      1137      1368      2486      2300      1563      1675         0      1992      1906      3294      3012      2214      2594      4188 
  1700000:      4158       139       999      1195      2122      2002      1410      1517      1792         0      1665      2871      2677      1924      2464      4136 
  1600000:      3913       129       978      1208      2036      1921      1369      1455      1836      1581         0      2809      2705      1990      2597      4517 
  1500000:      6472       243      1539      1931      3374      3219      2351      2448      3011      2606      2643         0      4405      3373      4449      8313 
  1300000:      5561       300      1455      1670      2973      2800      2027      2170      2680      2372      2396      4071         0      3182      4343      8214 
  1200000:      4066       242       963      1180      2093      2086      1506      1525      1916      1587      1663      3045      2850         0      3261      9342 
  1100000:      6604       389      1290      1464      2867      2612      1937      1977      2359      2020      2025      3393      3524      2988         0     15140 
  1000000:     12419       576      2810      3150      5636      4516     50737      3091      3620      3206      3027      5727      6720      9252     17237         0 
