   From  :    To
         :   2601000   2600000   2500000   2400000   2300000   2100000   2000000   1900000   1800000   1700000   1600000   1500000   1300000   1200000   1100000   1000000 
  2601000:         0         0      6158      4058      7606      6521      4889      4459      5505      5017      4953      7947      6301      3453      3956     16656 
  2600000:         0         0       201       169       323       264       146       172       200       173       191       322       266       155       202       902 
  2500000:      8956       343         0       963      1400      1327       978      1003      1203      1073      1078      1641      1247       640       658       604 
  2400000:      6622       290      1026         0      1786      1745      1118      1234      1537      1373      1303      2085      1533       943       839       785 
  2300000:      8400       344      1661      2253         0      2935      2016      2161      2754      2476      2436      3855      2969      1887      1967      3031 
  2100000:      6197       256      1220      1588      2747         0      1944      2033      2495      2259      2406      3770      3144      2074      2242      3549 
  2000000:      6374       139       889       970      1889      1837         0      1416      1799      1619      1643      2647      2258      1511      1746     48562 
  1900000:      3966       148       864      1131      1932      1934      1355         0      1764      1660      1642      2746      2480      1683      1951      3041 
  1800000:      4613       148      1129      1363      2484      2297      1560      1672         0      1992      1906      3291      3011      2213      2587      4132 
  1700000:      4120       139       996      1189      2116      1999      1408      1516      1791         0      1664      2870      2676      1923      2459      4086 
  1600000:      3872       129       972      1203      2031      1919      1369      1454      1836      1581         0      2806      2702      1990      2591      4453 
  1500000:      6385       243      1533      1930      3367      3212      2348      2446      3011      2602      2641         0      4403      3368      4439      8177 
  1300000:      5442       300      1448      1665      2967      2791      2025      2168      2675      2368      2396      4068         0      3177      4330      8088 
  1200000:      3959       242       958      1175      2086      2082      1506      1521      1912      1587      1657      3039      2843         0      3257      9239 
  1100000:      6423       389      1282      1453      2844      2598      1936      1972      2348      2015      2015      3374      3507      2980         0     14876 
  1000000:     12149       576      2777      3109      5567      4463     50701      3070      3568      3157      2977      5644      6568      9066     16788         0 
