   From  :    To
         :   2601000   2600000   2500000   2400000   2300000   2100000   2000000   1900000   1800000   1700000   1600000   1500000   1300000   1200000   1100000   1000000 
  2601000:         0         0         1         0         0         0         0         0         0         0         0         0         0         0         0         1 
  2600000:         0         0      1724      1046      2272      1912      1582      1170      1181      1206      1173      1926      2085      1016      1123     18778 
  2500000:         0      2855         0       100       114        78        53        56        66        42        58        86        75        48        66       209 
  2400000:         0      2151        98         0        90        65        54        51        51        39        54        83        65        48        63       192 
  2300000:         0      3479       154       105         0       134       226        90        87       150       100       153       283        95       170      1924 
  2100000:         0      1986       163       106       112         0       106        99       108        92       106       184       171       117       136      1121 
  2000000:         0      1787        99        62      1161        98         0        90        93       205        77       126       251        81       125      1659 
  1900000:         0       913        81        57        92       102        67         0       110        93        78       147       117        97       149       850 
  1800000:         0       914        83        62        91       107        93       106         0       122        96       192       161       114       155      1045 
  1700000:         0      1022        65        67       279        94      1607        84        94         0        91       187       578       119       180      3344 
  1600000:         0       746        63        69       106       105        82        89       102        90         0       199       205       131       191      1157 
  1500000:         0      1245       131        86       178       177       135       134       184       188       201         0       461       282       372      2257 
  1300000:         0      1462       124       113       316       157       323       127       173      3003       182       466         0       362       466      5409 
  1200000:         0      1032        82        80       116       113        85        96       116       111       149       311       357         0       489      2363 
  1100000:         0      1740       135       149       219       161       140       109       160       172       180       318       453       451         0      6257 
  1000000:         1     16862       903      1002      2004      1304      1361       652       816      2298       790      1653      7421      2539      6959         0 
