   From  :    To
         :   2601000   2600000   2500000   2400000   2300000   2100000   2000000   1900000   1800000   1700000   1600000   1500000   1300000   1200000   1100000   1000000 
  2601000:         0         0      5446      3640      6781      5745      4437      3951      4862      4366      4252      6560      5230      2895      3161     10969 
  2600000:         0         0       201       169       323       264       146       172       200       173       191       322       266       155       202       902 
  2500000:      7382       343         0       866      1365      1302       962       979      1182      1059      1055      1586      1213       621       622       486 
  2400000:      5345       290       976         0      1760      1724      1098      1228      1524      1352      1289      2049      1513       922       812       637 
  2300000:      6854       344      1582      2214         0      2893      1993      2133      2726      2430      2407      3803      2936      1859      1893      2400 
  2100000:      5268       256      1159      1553      2707         0      1919      2006      2464      2243      2384      3719      3107      2054      2182      2868 
  2000000:      5852       139       860       950      1863      1822         0      1400      1787      1606      1629      2619      2231      1489      1701     48148 
  1900000:      3438       148       835      1106      1903      1900      1343         0      1751      1647      1633      2714      2468      1658      1922      2551 
  1800000:      4141       148      1085      1321      2443      2273      1546      1660         0      1976      1888      3261      2985      2190      2528      3499 
  1700000:      3692       139       959      1150      2089      1978      1395      1502      1772         0      1656      2844      2635      1900      2402      3468 
  1600000:      3547       129       939      1162      2006      1900      1361      1442      1825      1566         0      2767      2662      1971      2537      3696 
  1500000:      5696       243      1474      1879      3310      3172      2323      2403      2973      2575      2616         0      4343      3322      4295      6718 
  1300000:      4742       300      1381      1613      2910      2754      2003      2148      2647      2342      2355      4016         0      3133      4203      6715 
  1200000:      3281       242       921      1139      2024      2049      1476      1490      1883      1560      1625      2971      2778         0      3148      8177 
  1100000:      4923       389      1184      1372      2684      2505      1876      1902      2297      1956      1954      3276      3400      2885         0     11808 
  1000000:      8133       576      2021      2385      4299      3608     50218      2601      3051      2730      2576      4835      5495      7710     12803         0 
