   From  :    To
         :   2601000   2600000   2500000   2400000   2300000   2100000   2000000   1900000   1800000   1700000   1600000   1500000   1300000   1200000   1100000   1000000 
  2601000:         0         0      5386      3603      6702      5673      4393      3899      4785      4294      4172      6440      5124      2829      3072     10449 
  2600000:         0         0       201       169       323       264       146       172       200       173       191       322       266       155       202       902 
  2500000:      7247       343         0       861      1361      1300       961       975      1181      1055      1055      1580      1207       619       620       478 
  2400000:      5253       290       973         0      1759      1723      1097      1228      1524      1351      1289      2046      1508       922       810       626 
  2300000:      6723       344      1575      2212         0      2888      1993      2133      2720      2424      2405      3796      2929      1855      1884      2343 
  2100000:      5190       256      1157      1550      2705         0      1919      2004      2462      2242      2384      3714      3102      2050      2176      2809 
  2000000:      5812       139       856       949      1860      1822         0      1399      1785      1605      1628      2616      2230      1489      1693     48113 
  1900000:      3399       148       832      1104      1902      1897      1343         0      1748      1645      1631      2708      2463      1653      1919      2510 
  1800000:      4096       148      1081      1319      2437      2270      1546      1656         0      1973      1886      3261      2981      2186      2521      3431 
  1700000:      3651       139       956      1150      2088      1976      1391      1502      1771         0      1654      2844      2633      1896      2393      3401 
  1600000:      3500       129       933      1161      1998      1898      1356      1442      1822      1566         0      2764      2658      1966      2526      3632 
  1500000:      5589       243      1463      1875      3306      3165      2321      2398      2969      2572      2614         0      4327      3314      4284      6587 
  1300000:      4633       300      1373      1609      2901      2743      2003      2146      2643      2339      2351      4003         0      3126      4185      6586 
  1200000:      3195       242       915      1136      2018      2043      1470      1490      1879      1553      1624      2966      2772         0      3136      8062 
  1100000:      4755       389      1177      1365      2669      2500      1871      1895      2291      1950      1945      3258      3385      2865         0     11448 
  1000000:      7777       576      1965      2336      4195      3558     50186      2563      3012      2703      2522      4709      5356      7576     12342         0 
