   From  :    To
         :   2601000   2600000   2500000   2400000   2300000   2100000   2000000   1900000   1800000   1700000   1600000   1500000   1300000   1200000   1100000   1000000 
  2601000:         0         0      7992      3096      5980     11440      6269      2386      3005      2897      3183      5472      4634      2836      3439    119400 
  2600000:         0         0         0         0         0         0         2         0         0         0         0         1         0         0         0      2273 
  2500000:     11362         0         0       448       129       102        51        44        58        71        59        92        92        57        90       399 
  2400000:      5549         0       250         0        83        75        49        51        47        51        55        81        61        65        70       481 
  2300000:      6087         6       416       232         0       119        65        66       102       109        83       143       137       132       232      2850 
  2100000:     10590         0       678       115       128         0        92        90       100        83        84       143       159       105       225      3204 
  2000000:     20934         0        79        50        80        74         0        50        51        35        46        71        80        58       150     91707 
  1900000:      1959         0        71        56        72        90        40         0        49        40        50        94        89        62       154      1992 
  1800000:      2165         0        81        63       108       108        42        57         0        57        55       120       108        72       196      2606 
  1700000:      1982         0        67        47        89        81        52        42        57         0        63        97       103        82       185      2525 
  1600000:      1970         0        75        66        95        61        43        33        63        60         0       101       135       102       189      2881 
  1500000:      3640         0       131        97       143       127        70        77       107        87       100         0       256       173       347      5130 
  1300000:      3902         0       120        61       123       142        80        69       108       107       117       216         0       172       367      4907 
  1200000:      3432         0       112        73        92        98        54        71        83        77        85       166       182         0       292      3928 
  1100000:      5675         0       238       150       210       195       121       108       131       143       149       251       279       262         0     10232 
  1000000:    102781      2270      2744      2414      3447      3084    106435      1674      1877      1655      1745      3437      4176      4567     12208         0 
