   From  :    To
         :   2601000   2600000   2500000   2400000   2300000   2100000   2000000   1900000   1800000   1700000   1600000   1500000   1300000   1200000   1100000   1000000 
  2601000:         0         0      2520      1602      2980      6486      3276      1175      1442      1472      1682      2864      2397      1391      1766    110237 
  2600000:         0         0         0         0         0         0         2         0         0         0         0         1         0         0         0      2273 
  2500000:      4325         0         0       322        87        62        37        29        40        40        34        54        53        32        58       319 
  2400000:      3191         0       130         0        58        47        32        31        31        27        36        44        37        37        47       336 
  2300000:      3145         6       162       126         0        67        41        32        44        45        39        77        64        65       122      1854 
  2100000:      6025         0       236        60        74         0        55        38        44        31        49        89        89        58       128      2128 
  2000000:     14156         0        30        24        45        34         0        23        27        15        18        32        43        20        81     48246 
  1900000:       939         0        39        29        37        35        18         0        27        20        17        41        47        32        74      1211 
  1800000:      1032         0        41        20        34        45        20        25         0        31        26        63        60        36       114      1536 
  1700000:       862         0        30        17        35        32        26        16        30         0        28        52        55        40       102      1555 
  1600000:       921         0        30        29        31        27        23        14        42        34         0        46        70        48        94      1836 
  1500000:      1564         0        57        37        62        49        37        43        56        53        54         0       146       101       174      3297 
  1300000:      1811         0        62        24        66        74        39        40        57        61        67       125         0        96       190      3234 
  1200000:      1736         0        70        36        46        52        28        34        52        36        46        92       110         0       173      2664 
  1100000:      3213         0       150        79        98       105        64        55        81        74        91       127       161       156         0      7315 
  1000000:     98369      2270      1935      1679      2236      1989     59096      1011      1110       941      1058      2023      2614      3063      8646         0 
