   From  :    To
         :   2601000   2600000   2500000   2400000   2300000   2100000   2000000   1900000   1800000   1700000   1600000   1500000   1300000   1200000   1100000   1000000 
  2601000:         0         0      2403      1549      2873      6263      3237      1134      1396      1425      1647      2788      2354      1354      1718    109967 
  2600000:         0         0         0         0         0         0         2         0         0         0         0         1         0         0         0      2273 
  2500000:      4154         0         0       308        86        62        37        29        39        39        34        51        51        32        58       318 
  2400000:      3099         0       125         0        55        46        32        31        31        27        36        44        37        37        47       335 
  2300000:      3045         6       152       124         0        66        41        31        44        44        39        77        64        65       122      1819 
  2100000:      5814         0       224        59        73         0        54        38        44        30        49        89        89        58       128      2100 
  2000000:     14126         0        29        24        44        34         0        23        27        15        16        32        43        20        81     48220 
  1900000:       925         0        37        29        36        33        18         0        27        20        17        40        47        31        73      1175 
  1800000:      1014         0        41        20        33        44        20        25         0        31        26        63        60        36       112      1496 
  1700000:       845         0        29        17        35        32        25        16        30         0        28        51        55        39       102      1514 
  1600000:       897         0        30        29        30        27        23        14        42        34         0        46        69        47        94      1806 
  1500000:      1505         0        52        36        62        49        37        42        55        53        54         0       146       101       173      3228 
  1300000:      1761         0        61        23        65        74        37        40        57        60        66       124         0        96       190      3196 
  1200000:      1697         0        65        35        46        51        27        34        52        36        46        91       109         0       172      2624 
  1100000:      3143         0       144        78        95       103        63        53        81        73        91       124       159       154         0      7192 
  1000000:     98082      2270      1906      1651      2206      1965     59081       998      1096       931      1039      1972      2567      3015      8483         0 
