   From  :    To
         :   2601000   2600000   2500000   2400000   2300000   2100000   2000000   1900000   1800000   1700000   1600000   1500000   1300000   1200000   1100000   1000000 
  2601000:         0         0       234       189       359       867       138       148       190       179       194       342       294       167       234     61826 
  2600000:         0         0         0         0         0         0         1         0         0         0         0         1         0         0         0      2271 
  2500000:       517         0         0        23        15        14        15         6        12        10        10        15        17         6        15       116 
  2400000:       426         0        25         0        12        16         6         9         9         9         9        17        11        10        12       114 
  2300000:       406         5        14        13         0        14        10         5        11         9        14        20        13        20        25       348 
  2100000:       802         0        17        10        13         0        14        10        13         6         7        21        16        10        17       283 
  2000000:       108         0         6         5        16         7         0         2         5         0         2         5        11         2        14       203 
  1900000:        94         0         3         4        11         6         3         0         7         3         1         9         4         7        15       183 
  1800000:        95         0         2         7         5         4         5         5         0         6         3        12         7        11        24       273 
  1700000:        84         0         8         1        11         1         6         2         1         0         4        10         7         8        18       245 
  1600000:        75         0         9        15         6         4         5         3        11         2         0         9        10        10        14       258 
  1500000:       138         0        10        15        13         5         6         6         7         2         5         0        24        21        31       510 
  1300000:       112         0         9         8        15        13         8         6        11        17         9        19         0        18        31       583 
  1200000:       136         0        15        11        10        14         4         5         9         7         9        25        21         0        28       507 
  1100000:       316         0        25        17        15        21        10        13        12        10        13        22        30        18         0      1177 
  1000000:     62051      2268       414       367       426       253       155       130       161       146       151       266       394       493      1221         0 
